#              Coord.            Numerical           Analytical                Error
  3.1250000000000e-02  5.6650405656703e-03  2.8402717277757e-03  2.8247688378946e-03
  9.3750000000000e-02  6.4037921786211e-03  3.2444523815138e-03  3.1593397971073e-03
  1.5625000000000e-01  7.2247563588988e-03  3.6989178560442e-03  3.5258385028546e-03
  2.1875000000000e-01  8.1350636199110e-03  4.2088140434338e-03  3.9262495764772e-03
  2.8125000000000e-01  9.1421948349603e-03  4.7796550853883e-03  4.3625397495720e-03
  3.4375000000000e-01  1.0253963391438e-02  5.4173281859582e-03  4.8366352054802e-03
  4.0625000000000e-01  1.1478491678327e-02  6.1280952019645e-03  5.3503964763625e-03
  4.6875000000000e-01  1.2824181497812e-02  6.9185905547291e-03  5.9055909430827e-03
  5.3125000000000e-01  1.4299678029516e-02  7.7958149988444e-03  6.5038630306718e-03
  5.9375000000000e-01  1.5913827024264e-02  8.7671247825223e-03  7.1467022417422e-03
  6.5625000000000e-01  1.7675624963801e-02  9.8402157404383e-03  7.8354092233627e-03
  7.1875000000000e-01  1.9594161993705e-02  1.1023101874776e-02  8.5710601189288e-03
  7.8125000000000e-01  2.1678557518877e-02  1.2324088004207e-02  9.3544695146706e-03
  8.4375000000000e-01  2.3937888444180e-02  1.3751736094489e-02  1.0186152349691e-02
  9.0625000000000e-01  2.6381110146609e-02  1.5314824928874e-02  1.1066285217736e-02
  9.6875000000000e-01  2.9016970379013e-02  1.7022302831961e-02  1.1994667547052e-02
  1.0312500000000e+00  3.1853916427788e-02  1.8883233227384e-02  1.2970683200404e-02
  1.0937500000000e+00  3.4899995976889e-02  2.0906732887778e-02  1.3993263089111e-02
  1.1562500000000e+00  3.8162752266173e-02  2.3101902824700e-02  1.5060849441472e-02
  1.2187500000000e+00  4.1649114271791e-02  2.5477751866289e-02  1.6171362405502e-02
  1.2812500000000e+00  4.5365282777717e-02  2.8043113080556e-02  1.7322169697161e-02
  1.3437500000000e+00  4.9316613348238e-02  3.0806553321676e-02  1.8510060026562e-02
  1.4062500000000e+00  5.3507497348633e-02  3.3776276303937e-02  1.9731221044696e-02
  1.4687500000000e+00  5.7941242292542e-02  3.6960019741885e-02  2.0981222550657e-02
  1.5312500000000e+00  6.2619952916681e-02  4.0364947233647e-02  2.2255005683033e-02
  1.5937500000000e+00  6.7544414493574e-02  4.3997535705445e-02  2.3546878788130e-02
  1.6562500000000e+00  7.2713979987861e-02  4.7863459376605e-02  2.4850520611256e-02
  1.7187500000000e+00  7.8126462738320e-02  5.1967471343276e-02  2.6158991395044e-02
  1.7812500000000e+00  8.3778036403392e-02  5.6313284012869e-02  2.7464752390522e-02
  1.8437500000000e+00  8.9663143939764e-02  6.0903449747072e-02  2.8759694192692e-02
  1.9062500000000e+00  9.5774417389219e-02  6.5739243185992e-02  3.0035174203227e-02
  1.9687500000000e+00  1.0210261022632e-01  7.0820546826705e-02  3.1282063399618e-02
  2.0312500000000e+00  1.0863654396699e-01  7.6145741513012e-02  3.2490802453982e-02
  2.0937500000000e+00  1.1536307065436e-01  8.1711603556726e-02  3.3651467097632e-02
  2.1562500000000e+00  1.2226705272289e-01  8.7513210251473e-02  3.4753842471422e-02
  2.2187500000000e+00  1.2933136159482e-01  9.3543855555367e-02  3.5787506039450e-02
  2.2812500000000e+00  1.3653689618427e-01  9.9794977706664e-02  3.6741918477601e-02
  2.3437500000000e+00  1.4386262227673e-01  1.0625610049494e-01  3.7606521781792e-02
  2.4062500000000e+00  1.5128563351498e-01  1.1291478983802e-01  3.8370843676961e-02
  2.4687500000000e+00  1.5878123446116e-01  1.1975662721097e-01  3.9024607250186e-02
  2.5312500000000e+00  1.6632304592130e-01  1.2676520133785e-01  3.9557844583457e-02
  2.5937500000000e+00  1.7388313241664e-01  1.3392211938961e-01  3.9961013027031e-02
  2.6562500000000e+00  1.8143215137058e-01  1.4120703873413e-01  4.0225112636448e-02
  2.7187500000000e+00  1.8893952325623e-01  1.4859772005780e-01  4.0341803198430e-02
  2.7812500000000e+00  1.9637362162166e-01  1.5607010242557e-01  4.0303519196096e-02
  2.8437500000000e+00  2.0370198158503e-01  1.6359840057022e-01  4.0103581014811e-02
  2.9062500000000e+00  2.1089152507489e-01  1.7115522440600e-01  3.9736300668888e-02
  2.9687500000000e+00  2.1790880078847e-01  1.7871172045058e-01  3.9197080337883e-02
  3.0312500000000e+00  2.2472023655864e-01  1.8623773451788e-01  3.8482502040759e-02
  3.0937500000000e+00  2.3129240156410e-01  1.9370199471704e-01  3.7590406847063e-02
  3.1562500000000e+00  2.3759227559308e-01  2.0107231346649e-01  3.6519962126587e-02
  3.2187500000000e+00  2.4358752238312e-01  2.0831580691131e-01  3.5271715471806e-02
  3.2812500000000e+00  2.4924676391312e-01  2.1539912982374e-01  3.3847634089387e-02
  3.3437500000000e+00  2.5453985242261e-01  2.2228872377670e-01  3.2251128645907e-02
  3.4062500000000e+00  2.5943813687985e-01  2.2895107611389e-01  3.0487060765958e-02
  3.4687500000000e+00  2.6391472061813e-01  2.3535298700363e-01  2.8561733614498e-02
  3.5312500000000e+00  2.6794470690789e-01  2.4146184166222e-01  2.6482865245672e-02
  3.5937500000000e+00  2.7150542933382e-01  2.4724588467085e-01  2.4259544662968e-02
  3.6562500000000e+00  2.7457666399761e-01  2.5267449319205e-01  2.1902170805562e-02
  3.7187500000000e+00  2.7714082076879e-01  2.5771844582079e-01  1.9422374948002e-02
  3.7812500000000e+00  2.7918311105427e-01  2.6235018378462e-01  1.6832927269648e-02
  3.8437500000000e+00  2.8069168984810e-01  2.6654406123688e-01  1.4147628611224e-02
  3.9062500000000e+00  2.8165777015283e-01  2.7027658146965e-01  1.1381188683184e-02
  3.9687500000000e+00  2.8207570822594e-01  2.7352661600660e-01  8.5490922193324e-03
  4.0312500000000e+00  2.8194305849432e-01  2.7627560371979e-01  5.6674547745287e-03
  4.0937500000000e+00  2.8126059738937e-01  2.7850772734630e-01  2.7528700430723e-03
  4.1562500000000e+00  2.8003231577745e-01  2.8021006505663e-01  1.7774927917696e-04
  4.2187500000000e+00  2.7826538008920e-01  2.8137271504309e-01  3.1073349538940e-03
  4.2812500000000e+00  2.7597006267718e-01  2.8198889144751e-01  6.0188287703238e-03
  4.3437500000000e+00  2.7315964234894e-01  2.8205499032813e-01  8.8953479791881e-03
  4.4062500000000e+00  2.6985027642273e-01  2.8157062476848e-01  1.1720348345755e-02
  4.4687500000000e+00  2.6606084603082e-01  2.8053862864971e-01  1.4477782618885e-02
  4.5312500000000e+00  2.6181277674220e-01  2.7896502903480e-01  1.7152252292603e-02
  4.5937500000000e+00  2.5712983688832e-01  2.7685898754142e-01  1.9729150653103e-02
  4.6562500000000e+00  2.5203791624660e-01  2.7423271150103e-01  2.2194795254434e-02
  4.7187500000000e+00  2.4656478796223e-01  2.7110133610973e-01  2.4536548147503e-02
  4.7812500000000e+00  2.4073985676700e-01  2.6748277916244e-01  2.6742922395446e-02
  4.8437500000000e+00  2.3459389668139e-01  2.6339757032104e-01  2.8803673639647e-02
  4.9062500000000e+00  2.2815878146191e-01  2.5886865719190e-01  3.0709875729991e-02
  4.9687500000000e+00  2.2146721107974e-01  2.5392119077487e-01  3.2453979695128e-02
  5.0312500000000e+00  2.1455243748955e-01  2.4858229308800e-01  3.4029855598445e-02
  5.0937500000000e+00  2.0744799287060e-01  2.4288080996837e-01  3.5432817097771e-02
  5.1562500000000e+00  2.0018742339877e-01  2.3684705219493e-01  3.6659628796165e-02
  5.2187500000000e+00  1.9280403144167e-01  2.3051252817424e-01  3.7708496732571e-02
  5.2812500000000e+00  1.8533062886260e-01  2.2390967147231e-01  3.8579042609705e-02
  5.3437500000000e+00  1.7779930387912e-01  2.1707156646703e-01  3.9272262587914e-02
  5.4062500000000e+00  1.7024120365264e-01  2.1003167533667e-01  3.9790471684032e-02
  5.4687500000000e+00  1.6268633449273e-01  2.0282356949275e-01  4.0137235000017e-02
  5.5312500000000e+00  1.5516338124948e-01  1.9548066841418e-01  4.0317287164701e-02
  5.5937500000000e+00  1.4769954714618e-01  1.8803598864740e-01  4.0336441501219e-02
  5.6562500000000e+00  1.4032041497696e-01  1.8052190550815e-01  4.0201490531191e-02
  5.7187500000000e+00  1.3304983026800e-01  1.7296992976186e-01  3.9920099493861e-02
  5.7812500000000e+00  1.2590980667980e-01  1.6541050127389e-01  3.9500694594089e-02
  5.8437500000000e+00  1.1892045361894e-01  1.5787280131694e-01  3.8952347697997e-02
  5.9062500000000e+00  1.1209992573400e-01  1.5038458490445e-01  3.8284659170457e-02
  5.9687500000000e+00  1.0546439369691e-01  1.4297203419320e-01  3.7507640496282e-02
  6.0312500000000e+00  9.9028035421609e-02  1.3565963367083e-01  3.6631598249224e-02
  6.0937500000000e+00  9.2803046648372e-02  1.2847006752086e-01  3.5667020872491e-02
  6.1562500000000e+00  8.6799669628842e-02  1.2142413924323e-01  3.4624469614387e-02
  6.2187500000000e+00  8.1026238482794e-02  1.1454071330914e-01  3.3514474826342e-02
  6.2812500000000e+00  7.5489239666171e-02  1.0783667834749e-01  3.2347438681321e-02
  6.3437500000000e+00  7.0193385889744e-02  1.0132693110180e-01  3.1133545212061e-02
  6.4062500000000e+00  6.5141701759212e-02  9.5024380163406e-02  2.9882678404194e-02
  6.4687500000000e+00  6.0335619369644e-02  8.8939968282265e-02  2.8604348912621e-02
  6.5312500000000e+00  5.5775082078324e-02  8.3082711881999e-02  2.7307629803674e-02
  6.5937500000000e+00  5.1458654698639e-02  7.7459756262425e-02  2.6001101563786e-02
  6.6562500000000e+00  4.7383638401199e-02  7.2076444861471e-02  2.4692806460271e-02
  6.7187500000000e+00  4.3546188674473e-02  6.6936400868404e-02  2.3390212193932e-02
  6.7812500000000e+00  3.9941434782980e-02  6.2041619431515e-02  2.2100184648535e-02
  6.8437500000000e+00  3.6563599263654e-02  5.7392568684242e-02  2.0828969420588e-02
  6.9062500000000e+00  3.3406116117205e-02  5.2988297822676e-02  1.9582181705471e-02
  6.9687500000000e+00  3.0461746478270e-02  4.8826550502173e-02  1.8364804023903e-02
  7.0312500000000e+00  2.7722690682689e-02  4.4903881879081e-02  1.7181191196392e-02
  7.0937500000000e+00  2.5180695789630e-02  4.1215777702618e-02  1.6035081912987e-02
  7.1562500000000e+00  2.2827157757626e-02  3.7756773958729e-02  1.4929616201102e-02
  7.2187500000000e+00  2.0653217614449e-02  3.4520575679458e-02  1.3867358065010e-02
  7.2812500000000e+00  1.8649851098768e-02  3.1500173654760e-02  1.2850322555992e-02
  7.3437500000000e+00  1.6807951384655e-02  2.8687957915839e-02  1.1880006531184e-02
  7.4062500000000e+00  1.5118404626492e-02  2.6075826997094e-02  1.0957422370602e-02
  7.4687500000000e+00  1.3572158180161e-02  2.3655292124639e-02  1.0083133944479e-02
  7.5312500000000e+00  1.2160281465416e-02  2.1417575620737e-02  9.2572941553215e-03
  7.5937500000000e+00  1.0874019533111e-02  1.9353702952728e-02  8.4796834196168e-03
  7.6562500000000e+00  9.7048394888689e-03  1.7454587990187e-02  7.7497485013184e-03
  7.7187500000000e+00  8.6444700014777e-03  1.5711111163081e-02  7.0666411616036e-03
  7.7812500000000e+00  7.6849341896663e-03  1.4114190335128e-02  6.4292561454618e-03
  7.8437500000000e+00  6.8185762350270e-03  1.2654844319071e-02  5.8362680840445e-03
  7.9062500000000e+00  6.0380821120491e-03  1.1324249063118e-02  5.2861669510688e-03
  7.9687500000000e+00  5.3364948589508e-03  1.0113786629687e-02  4.7772917707358e-03
