#              Coord.            Numerical           Analytical                Error
  7.8125000000000e-03  1.7515797789718e-03  2.7006800643381e-03  9.4910028536629e-04
  2.3437500000000e-02  1.6637948986171e-03  2.7930426043615e-03  1.1292477057444e-03
  3.9062500000000e-02  1.6286521748757e-03  2.8882113323737e-03  1.2595591574981e-03
  5.4687500000000e-02  1.6937731641907e-03  2.9862582360645e-03  1.2924850718738e-03
  7.0312500000000e-02  1.7974889039479e-03  3.0872566796102e-03  1.2897677756623e-03
  8.5937500000000e-02  1.9264783386835e-03  3.1912814139761e-03  1.2648030752925e-03
  1.0156250000000e-01  2.1527918689818e-03  3.2984085867077e-03  1.1456167177259e-03
  1.1718750000000e-01  2.5332379586365e-03  3.4087157511853e-03  8.7547779254881e-04
  1.3281250000000e-01  2.9775477103465e-03  3.5222818753176e-03  5.4473416497116e-04
  1.4843750000000e-01  3.4747476232419e-03  3.6391873496491e-03  1.6443972640725e-04
  1.6406250000000e-01  4.1784445921644e-03  3.7595139948555e-03  4.1893059730896e-04
  1.7968750000000e-01  4.8580232577248e-03  3.8833450686008e-03  9.7467818912406e-04
  1.9531250000000e-01  5.4906700294729e-03  4.0107652717306e-03  1.4799047577424e-03
  2.1093750000000e-01  6.1819415469782e-03  4.1418607537743e-03  2.0400807932040e-03
  2.2656250000000e-01  6.5287117805883e-03  4.2767191177294e-03  2.2519926628589e-03
  2.4218750000000e-01  6.4808690190723e-03  4.4154294241018e-03  2.0654395949705e-03
  2.5781250000000e-01  3.6393867503817e-03  4.5580821941726e-03  9.1869544379090e-04
  2.7343750000000e-01  3.3467264480311e-03  4.7047694124667e-03  1.3580429644356e-03
  2.8906250000000e-01  3.1644061988918e-03  4.8555845283929e-03  1.6911783295011e-03
  3.0468750000000e-01  3.2313355884927e-03  5.0106224570290e-03  1.7792868685363e-03
  3.2031250000000e-01  3.4044084203460e-03  5.1699795790230e-03  1.7655711586771e-03
  3.3593750000000e-01  3.5406751529663e-03  5.3337537395831e-03  1.7930785866168e-03
  3.5156250000000e-01  3.9043901109025e-03  5.5020442465266e-03  1.5976541356241e-03
  3.6718750000000e-01  4.5748889630907e-03  5.6749518673615e-03  1.1000629042708e-03
  3.8281250000000e-01  5.2776537493501e-03  5.8525788253697e-03  5.7492507601962e-04
  3.9843750000000e-01  6.0321157912075e-03  6.0350287946651e-03  2.9130034576077e-06
  4.1406250000000e-01  7.1853369691609e-03  6.2224068941977e-03  9.6293007496317e-04
  4.2968750000000e-01  8.3414544752063e-03  6.4148196806748e-03  1.9266347945316e-03
  4.4531250000000e-01  9.3838707303576e-03  6.6123751403703e-03  2.7714955899872e-03
  4.6093750000000e-01  1.0452152550742e-02  6.8151826797958e-03  3.6369698709459e-03
  4.7656250000000e-01  1.0912425805558e-02  7.0233531152020e-03  3.8890726903562e-03
  4.9218750000000e-01  1.0721622786968e-02  7.2369986608854e-03  3.4846241260822e-03
  5.0781250000000e-01  5.9825353442146e-03  7.4562329162702e-03  1.4736975720556e-03
  5.2343750000000e-01  5.4890732674310e-03  7.6811708517385e-03  2.1920975843075e-03
  5.3906250000000e-01  5.1877086090693e-03  7.9119287931810e-03  2.7242201841117e-03
  5.5468750000000e-01  5.2879963176346e-03  8.1486244052411e-03  2.8606280876066e-03
  5.7031250000000e-01  5.5575509767055e-03  8.3913766732253e-03  2.8338256965198e-03
  5.8593750000000e-01  5.7687667391261e-03  8.6403058836531e-03  2.8715391445270e-03
  6.0156250000000e-01  6.3405867178203e-03  8.8955336034208e-03  2.5549468856005e-03
  6.1718750000000e-01  7.3934498327287e-03  9.1571826575526e-03  1.7637328248239e-03
  6.3281250000000e-01  8.4954036300046e-03  9.4253771055144e-03  9.2997347550978e-04
  6.4843750000000e-01  9.6787524694913e-03  9.7002422160641e-03  2.1489746572798e-05
  6.6406250000000e-01  1.1486136728749e-02  9.9819044406167e-03  1.5042322881323e-03
  6.7968750000000e-01  1.3296624310516e-02  1.0270491385097e-02  3.0261329254190e-03
  6.9531250000000e-01  1.4924867435311e-02  1.0566131780259e-02  4.3587356550524e-03
  7.1093750000000e-01  1.6589922762824e-02  1.0868955450450e-02  5.7209673123745e-03
  7.2656250000000e-01  1.7301574971576e-02  1.1179093280796e-02  6.1224816907800e-03
  7.4218750000000e-01  1.6983135436358e-02  1.1496677182787e-02  5.4864582535716e-03
  7.5781250000000e-01  9.4908060116728e-03  1.1821840058244e-02  2.3310340465715e-03
  7.7343750000000e-01  8.7160963610303e-03  1.2154715761650e-02  3.4386194006195e-03
  7.8906250000000e-01  8.2417734718672e-03  1.2495439060814e-02  4.2536655889471e-03
  8.0468750000000e-01  8.3880254499200e-03  1.2844145595875e-02  4.4561201459548e-03
  8.2031250000000e-01  8.7932869619850e-03  1.3200971836598e-02  4.4076848746125e-03
  8.3593750000000e-01  9.1081588688820e-03  1.3566055037975e-02  4.4578961690931e-03
  8.5156250000000e-01  9.9768942231385e-03  1.3939533194100e-02  3.9626389709611e-03
  8.6718750000000e-01  1.1577113989715e-02  1.4321544990302e-02  2.7444310005867e-03
  8.8281250000000e-01  1.3250299922871e-02  1.4712229753542e-02  1.4619298306714e-03
  8.9843750000000e-01  1.5047667094560e-02  1.5111727401040e-02  6.4060306479381e-05
  9.1406250000000e-01  1.7791853582720e-02  1.5520178387133e-02  2.2716751955867e-03
  9.2968750000000e-01  2.0539344150619e-02  1.5937723648366e-02  4.6016205022532e-03
  9.4531250000000e-01  2.3004047612200e-02  1.6364504546780e-02  6.6395430654197e-03
  9.6093750000000e-01  2.5519265719135e-02  1.6800662811424e-02  8.7186029077112e-03
  9.7656250000000e-01  2.6585351864128e-02  1.7246340478055e-02  9.3390113860727e-03
  9.9218750000000e-01  2.6071907080705e-02  1.7701679827053e-02  8.3702272536522e-03
  1.0078125000000e+00  1.4592072040412e-02  1.8166823319519e-02  3.5747512791068e-03
  1.0234375000000e+00  1.3412404627143e-02  1.8641913531584e-02  5.2295089044411e-03
  1.0390625000000e+00  1.2687956026008e-02  1.9127093086904e-02  6.4391370608962e-03
  1.0546875000000e+00  1.2892948101964e-02  1.9622504587367e-02  6.7295564854022e-03
  1.0703125000000e+00  1.3482032486485e-02  2.0128290541997e-02  6.6462580555118e-03
  1.0859375000000e+00  1.3935460667491e-02  2.0644593294076e-02  6.7091326265853e-03
  1.1015625000000e+00  1.5213499679804e-02  2.1171554946484e-02  5.9580552666800e-03
  1.1171875000000e+00  1.7569653331192e-02  2.1709317285263e-02  4.1396639540708e-03
  1.1328125000000e+00  2.0030795410335e-02  2.2258021701430e-02  2.2272262910949e-03
  1.1484375000000e+00  2.2675660487543e-02  2.2817809111032e-02  1.4214862348853e-04
  1.1640625000000e+00  2.6713090391704e-02  2.3388819873483e-02  3.3242705182210e-03
  1.1796875000000e+00  3.0753143676734e-02  2.3971193708174e-02  6.7819499685596e-03
  1.1953125000000e+00  3.4368111147347e-02  2.4565069609391e-02  9.8030415379557e-03
  1.2109375000000e+00  3.8049364662783e-02  2.5170585759558e-02  1.2878778903224e-02
  1.2265625000000e+00  3.9595480565484e-02  2.5787879440829e-02  1.3807601124656e-02
  1.2421875000000e+00  3.8794035639892e-02  2.6417086945043e-02  1.2376948694849e-02
  1.2578125000000e+00  2.1743117575922e-02  2.7058343482091e-02  5.3152259061691e-03
  1.2734375000000e+00  2.0000662616241e-02  2.7711783086694e-02  7.7111204704532e-03
  1.2890625000000e+00  1.8927050687969e-02  2.8377538523650e-02  9.4504878356810e-03
  1.3046875000000e+00  1.9202809319179e-02  2.9055741191566e-02  9.8529318723871e-03
  1.3203125000000e+00  2.0030622776074e-02  2.9746521025119e-02  9.7158982490445e-03
  1.3359375000000e+00  2.0661164589847e-02  3.0450006395872e-02  9.7888418060247e-03
  1.3515625000000e+00  2.2481807739025e-02  3.1166324011702e-02  8.6845162726766e-03
  1.3671875000000e+00  2.5842517895509e-02  3.1895598814858e-02  6.0530809193493e-03
  1.3828125000000e+00  2.9349529337619e-02  3.2637953878716e-02  3.2884245410972e-03
  1.3984375000000e+00  3.3120119165113e-02  3.3393510303260e-02  2.7339113814717e-04
  1.4140625000000e+00  3.8875996223850e-02  3.4162387109341e-02  4.7136091145086e-03
  1.4296875000000e+00  4.4632418735177e-02  3.4944701131771e-02  9.6877176034066e-03
  1.4453125000000e+00  4.9769556727233e-02  3.5740566911291e-02  1.4028989815942e-02
  1.4609375000000e+00  5.4989857573532e-02  3.6550096585483e-02  1.8439760988049e-02
  1.4765625000000e+00  5.7160528376994e-02  3.7373399778666e-02  1.9787128598328e-02
  1.4921875000000e+00  5.5949353646695e-02  3.8210583490846e-02  1.7738770155848e-02
  1.5078125000000e+00  3.1399163321518e-02  3.9061751985782e-02  7.6625886642635e-03
  1.5234375000000e+00  2.8902561690829e-02  3.9927006678214e-02  1.1024444987385e-02
  1.5390625000000e+00  2.7358805143679e-02  4.0806446020345e-02  1.3447640876666e-02
  1.5546875000000e+00  2.7714033266853e-02  4.1700165387619e-02  1.3986132120765e-02
  1.5703125000000e+00  2.8838347771867e-02  4.2608256963878e-02  1.3769909192010e-02
  1.5859375000000e+00  2.9684706271066e-02  4.3530809625966e-02  1.3846103354900e-02
  1.6015625000000e+00  3.2196040077822e-02  4.4467908827853e-02  1.2271868750031e-02
  1.6171875000000e+00  3.6839617708074e-02  4.5419636484355e-02  8.5800187762818e-03
  1.6328125000000e+00  4.1680547347992e-02  4.6386070854524e-02  4.7055235065328e-03
  1.6484375000000e+00  4.6888242517667e-02  4.7367286424794e-02  4.7904390712648e-04
  1.6640625000000e+00  5.4839411011709e-02  4.8363353791957e-02  6.4760572197518e-03
  1.6796875000000e+00  6.2786751496015e-02  4.9374339546058e-02  1.3412411949958e-02
  1.6953125000000e+00  6.9859997489290e-02  5.0400306153289e-02  1.9459691336001e-02
  1.7109375000000e+00  7.7032220795528e-02  5.1441311838973e-02  2.5590908956555e-02
  1.7265625000000e+00  7.9982166009195e-02  5.2497410470720e-02  2.7484755538475e-02
  1.7421875000000e+00  7.8210007424433e-02  5.3568651441858e-02  2.4641355982576e-02
  1.7578125000000e+00  4.3944699458554e-02  5.4655079555209e-02  1.0710380096655e-02
  1.7734375000000e+00  4.0474959496111e-02  5.5756734907331e-02  1.5281775411221e-02
  1.7890625000000e+00  3.8321154393340e-02  5.6873652773298e-02  1.8552498379958e-02
  1.8046875000000e+00  3.8758024457688e-02  5.8005863492119e-02  1.9247839034431e-02
  1.8203125000000e+00  4.0233359269648e-02  5.9153392352909e-02  1.8920033083261e-02
  1.8359375000000e+00  4.1329305760894e-02  6.0316259481891e-02  1.8986953720997e-02
  1.8515625000000e+00  4.4683141691491e-02  6.1494479730337e-02  1.6811338038846e-02
  1.8671875000000e+00  5.0898344233896e-02  6.2688062563556e-02  1.1789718329660e-02
  1.8828125000000e+00  5.7371350651687e-02  6.3897011951020e-02  6.5256612993325e-03
  1.8984375000000e+00  6.4339200813798e-02  6.5121326257742e-02  7.8212544394343e-04
  1.9140625000000e+00  7.4982019950396e-02  6.6360998137000e-02  8.6210218133963e-03
  1.9296875000000e+00  8.5613397351710e-02  6.7616014424525e-02  1.7997382927185e-02
  1.9453125000000e+00  9.5049349640963e-02  6.8886356034249e-02  2.6162993606714e-02
  1.9609375000000e+00  1.0459638022041e-01  7.0171997855719e-02  3.4424382364693e-02
  1.9765625000000e+00  1.0847661587755e-01  7.1472908653297e-02  3.7003707224251e-02
  1.9921875000000e+00  1.0596611615266e-01  7.2789050967239e-02  3.3177065185420e-02
  2.0078125000000e+00  5.9605770991612e-02  7.4120381016773e-02  1.4514610025161e-02
  2.0234375000000e+00  5.4928184071958e-02  7.5466848605271e-02  2.0538664533312e-02
  2.0390625000000e+00  5.2012811975284e-02  7.6828397027641e-02  2.4815585052358e-02
  2.0546875000000e+00  5.2523455643970e-02  7.8204962980037e-02  2.5681507336067e-02
  2.0703125000000e+00  5.4393273293702e-02  7.9596476471993e-02  2.5203203178291e-02
  2.0859375000000e+00  5.5761300591342e-02  8.1002860741100e-02  2.5241560149758e-02
  2.1015625000000e+00  6.0097604139227e-02  8.2424032170326e-02  2.2326428031100e-02
  2.1171875000000e+00  6.8155509189430e-02  8.3859900208095e-02  1.5704391018666e-02
  2.1328125000000e+00  7.6539351332844e-02  8.5310367291221e-02  8.7710159583774e-03
  2.1484375000000e+00  8.5570889822030e-02  8.6775328770816e-02  1.2044389487854e-03
  2.1640625000000e+00  9.9374165776266e-02  8.8254672841272e-02  1.1119492934994e-02
  2.1796875000000e+00  1.1315415240036e-01  8.9748280472428e-02  2.3405871927928e-02
  2.1953125000000e+00  1.2534997837893e-01  9.1256025345014e-02  3.4093953033915e-02
  2.2109375000000e+00  1.3766214534822e-01  9.2777773789497e-02  4.4884371558724e-02
  2.2265625000000e+00  1.4260177461278e-01  9.4313384728408e-02  4.8288389884371e-02
  2.2421875000000e+00  1.3915810356332e-01  9.5862709622268e-02  4.3295393941052e-02
  2.2578125000000e+00  7.8354355918690e-02  9.7425592419209e-02  1.9071236500519e-02
  2.2734375000000e+00  7.2237882537368e-02  9.9001869508381e-02  2.6763986971013e-02
  2.2890625000000e+00  6.8409432953621e-02  1.0059136967725e-01  3.2181936723631e-02
  2.3046875000000e+00  6.8972898665815e-02  1.0219391407289e-01  3.3221015407078e-02
  2.3203125000000e+00  7.1260509391847e-02  1.0380931616733e-01  3.2548806775480e-02
  2.3359375000000e+00  7.2905364454578e-02  1.0543738172707e-01  3.2532017272488e-02
  2.3515625000000e+00  7.8332707605725e-02  1.0707790878688e-01  2.8745201181160e-02
  2.3671875000000e+00  8.8451779734305e-02  1.0873068762795e-01  2.0278907893642e-02
  2.3828125000000e+00  9.8969752930711e-02  1.1039550076036e-01  1.1425747829647e-02
  2.3984375000000e+00  1.1030986625509e-01  1.1207212291022e-01  1.7622566551289e-03
  2.4140625000000e+00  1.2765586158166e-01  1.1376032101129e-01  1.3895540570361e-02
  2.4296875000000e+00  1.4496181215242e-01  1.1545985420129e-01  2.9501957951132e-02
  2.4453125000000e+00  1.6023369561900e-01  1.1717047382294e-01  4.3063221796056e-02
  2.4609375000000e+00  1.7561651207466e-01  1.1889192342985e-01  5.6724588644818e-02
  2.4765625000000e+00  1.8170164842550e-01  1.2062393879721e-01  6.1077709628295e-02
  2.4921875000000e+00  1.7712787667356e-01  1.2236624793752e-01  5.4761628736047e-02
  2.5078125000000e+00  9.9823527305559e-02  1.2411857112121e-01  2.4295043815653e-02
  2.5234375000000e+00  9.2065806939311e-02  1.2588062090244e-01  3.3814813963124e-02
  2.5390625000000e+00  8.7188316016317e-02  1.2765210214987e-01  4.0463786133548e-02
  2.5546875000000e+00  8.7768743195123e-02  1.2943271208274e-01  4.1663968887613e-02
  2.5703125000000e+00  9.0469281345748e-02  1.3122214031206e-01  4.0752858966310e-02
  2.5859375000000e+00  9.2371861115185e-02  1.3302006888709e-01  4.0648207771907e-02
  2.6015625000000e+00  9.8947243481069e-02  1.3482617234712e-01  3.5878928866052e-02
  2.6171875000000e+00  1.1125529776136e-01  1.3664011777854e-01  2.5384820017180e-02
  2.6328125000000e+00  1.2403603640387e-01  1.3846156487731e-01  1.4425528473438e-02
  2.6484375000000e+00  1.3782880734982e-01  1.4029016601680e-01  2.4613586669828e-03
  2.6640625000000e+00  1.5894927166208e-01  1.4212556632103e-01  1.6823705341055e-02
  2.6796875000000e+00  1.8000740133519e-01  1.4396740374332e-01  3.6039997591871e-02
  2.6953125000000e+00  1.9853497264562e-01  1.4581530915045e-01  5.2719663495166e-02
  2.7109375000000e+00  2.1715435154913e-01  1.4766890641216e-01  6.9485445136967e-02
  2.7265625000000e+00  2.2440762297973e-01  1.4952781249619e-01  7.4879810483538e-02
  2.7421875000000e+00  2.1852534350956e-01  1.5139163756874e-01  6.7133705940816e-02
  2.7578125000000e+00  1.2325307877036e-01  1.5325998510038e-01  3.0006906330012e-02
  2.7734375000000e+00  1.1370936804387e-01  1.5513245197737e-01  4.1423083933493e-02
  2.7890625000000e+00  1.0768133906247e-01  1.5700862861848e-01  4.9327289556012e-02
  2.8046875000000e+00  1.0822825830685e-01  1.5888809909714e-01  5.0659840790297e-02
  2.8203125000000e+00  1.1130200578441e-01  1.6077044126901e-01  4.9468435484600e-02
  2.8359375000000e+00  1.1341643761793e-01  1.6265522690486e-01  4.9238789286922e-02
  2.8515625000000e+00  1.2112655271779e-01  1.6454202182883e-01  4.3415469111044e-02
  2.8671875000000e+00  1.3562595276396e-01  1.6643038606195e-01  3.0804433297986e-02
  2.8828125000000e+00  1.5066768111651e-01  1.6831987397083e-01  1.7652192854321e-02
  2.8984375000000e+00  1.6691768714280e-01  1.7021003442167e-01  3.2923472788677e-03
  2.9140625000000e+00  1.9183423922565e-01  1.7210041093922e-01  1.9733828286423e-02
  2.9296875000000e+00  2.1666048500400e-01  1.7399054187103e-01  4.2669943132974e-02
  2.9453125000000e+00  2.3843646783841e-01  1.7587996055651e-01  6.2556507281901e-02
  2.9609375000000e+00  2.6026958062456e-01  1.7776819550107e-01  8.2501385123493e-02
  2.9765625000000e+00  2.6863374967480e-01  1.7965477055505e-01  8.8978979119752e-02
  2.9921875000000e+00  2.6130832050589e-01  1.8153920509748e-01  7.9769115408409e-02
  3.0078125000000e+00  1.4748855237145e-01  1.8342101422453e-01  3.5932461853074e-02
  3.0234375000000e+00  1.3610096301806e-01  1.8529970894254e-01  4.9198745924480e-02
  3.0390625000000e+00  1.2887399249458e-01  1.8717479636568e-01  5.8300803871101e-02
  3.0546875000000e+00  1.2932525105240e-01  1.8904577991788e-01  5.9720528865480e-02
  3.0703125000000e+00  1.3269598424927e-01  1.9091215953922e-01  5.8216175289949e-02
  3.0859375000000e+00  1.3494912692178e-01  1.9277343189643e-01  5.7824304974646e-02
  3.1015625000000e+00  1.4369829593569e-01  1.9462909059758e-01  5.0930794661891e-02
  3.1171875000000e+00  1.6024103222206e-01  1.9647862641065e-01  3.6237594188588e-02
  3.1328125000000e+00  1.7738581625691e-01  1.9832152748604e-01  2.0935711229135e-02
  3.1484375000000e+00  1.9593002428823e-01  2.0015727958280e-01  4.2272552945754e-03
  3.1640625000000e+00  2.2440982843744e-01  2.0198536629842e-01  2.2424462139013e-02
  3.1796875000000e+00  2.5276765223543e-01  2.0380526930212e-01  4.8962382933306e-02
  3.1953125000000e+00  2.7756234494347e-01  2.0561646857148e-01  7.1945876371992e-02
  3.2109375000000e+00  3.0236390061520e-01  2.0741844263220e-01  9.4945457982998e-02
  3.2265625000000e+00  3.1169353382223e-01  2.0921066880096e-01  1.0248286502126e-01
  3.2421875000000e+00  3.0285916402170e-01  2.1099262343115e-01  9.1866540590551e-02
  3.2578125000000e+00  1.7104694505400e-01  2.1276378216125e-01  4.1716837107246e-02
  3.2734375000000e+00  1.5786821497556e-01  2.1452362016590e-01  5.6655405190333e-02
  3.2890625000000e+00  1.4946347641811e-01  2.1627161240930e-01  6.6808135991190e-02
  3.3046875000000e+00  1.4975133318920e-01  2.1800723390087e-01  6.8255900711670e-02
  3.3203125000000e+00  1.5330872086632e-01  2.1972995995297e-01  6.6421239086647e-02
  3.3359375000000e+00  1.5560523972921e-01  2.2143926644056e-01  6.5834026711350e-02
  3.3515625000000e+00  1.6521187388496e-01  2.2313463006252e-01  5.7922756177553e-02
  3.3671875000000e+00  1.8349012218166e-01  2.2481552860455e-01  4.1325406422891e-02
  3.3828125000000e+00  2.0241541997537e-01  2.2648144120345e-01  2.4066021228081e-02
  3.3984375000000e+00  2.2291288782974e-01  2.2813184861254e-01  5.2189607828015e-03
  3.4140625000000e+00  2.5445183449356e-01  2.2976623346811e-01  2.4685601025452e-02
  3.4296875000000e+00  2.8583438811213e-01  2.3138408055663e-01  5.4450307555509e-02
  3.4453125000000e+00  3.1318441008066e-01  2.3298487708261e-01  8.0199532998057e-02
  3.4609375000000e+00  3.4047615166658e-01  2.3456811293688e-01  1.0590803872970e-01
  3.4765625000000e+00  3.5054098342517e-01  2.3613328096510e-01  1.1440770246007e-01
  3.4921875000000e+00  3.4022362467230e-01  2.3767987723624e-01  1.0254374743606e-01
  3.5078125000000e+00  1.9225147555078e-01  2.3920740131101e-01  4.6955925760237e-02
  3.5234375000000e+00  1.7745912277484e-01  2.4071535650981e-01  6.3256233734971e-02
  3.5390625000000e+00  1.6797832655286e-01  2.4220325018018e-01  7.4224923627319e-02
  3.5546875000000e+00  1.6803738585590e-01  2.4367059396349e-01  7.5633208107599e-02
  3.5703125000000e+00  1.7164581779887e-01  2.4511690406065e-01  7.3471086261787e-02
  3.5859375000000e+00  1.7387601313906e-01  2.4654170149663e-01  7.2665688357569e-02
  3.6015625000000e+00  1.8408157570748e-01  2.4794451238364e-01  6.3862936676163e-02
  3.6171875000000e+00  2.0363853271457e-01  2.4932486818279e-01  4.5686335468224e-02
  3.6328125000000e+00  2.2386915392591e-01  2.5068230596387e-01  2.6813152037959e-02
  3.6484375000000e+00  2.4581283944012e-01  2.5201636866326e-01  6.2035292231387e-03
  3.6640625000000e+00  2.7965142700007e-01  2.5332660533960e-01  2.6324821660469e-02
  3.6796875000000e+00  3.1329865693612e-01  2.5461257142716e-01  5.8686085508967e-02
  3.6953125000000e+00  3.4252373265390e-01  2.5587382898657e-01  8.6649903667330e-02
  3.7109375000000e+00  3.7161563879057e-01  2.5710994695283e-01  1.1450569183774e-01
  3.7265625000000e+00  3.8211414399267e-01  2.5832050138034e-01  1.2379364261232e-01
  3.7421875000000e+00  3.7044554252981e-01  2.5950507568480e-01  1.1094046684501e-01
  3.7578125000000e+00  2.0942160746559e-01  2.6066326088168e-01  5.1241653416088e-02
  3.7734375000000e+00  1.9331861318665e-01  2.6179465582127e-01  6.8476042634624e-02
  3.7890625000000e+00  1.8294549500369e-01  2.6289886741992e-01  7.9953372416232e-02
  3.8046875000000e+00  1.8272197712474e-01  2.6397551088736e-01  8.1253533762617e-02
  3.8203125000000e+00  1.8623376780101e-01  2.6502420994995e-01  7.8790442148944e-02
  3.8359375000000e+00  1.8828653507614e-01  2.6604459706969e-01  7.7758061993550e-02
  3.8515625000000e+00  1.9877360177632e-01  2.6703631365865e-01  6.8262711882326e-02
  3.8671875000000e+00  2.1903627414088e-01  2.6799901028889e-01  4.8962736148014e-02
  3.8828125000000e+00  2.3997739833926e-01  2.6893234689753e-01  2.8954948558270e-02
  3.8984375000000e+00  2.6272934562232e-01  2.6983599298679e-01  7.1066473644704e-03
  3.9140625000000e+00  2.9790307533916e-01  2.7070962781899e-01  2.7193447520167e-02
  3.9296875000000e+00  3.3285309831808e-01  2.7155294060621e-01  6.1300157711877e-02
  3.9453125000000e+00  3.6310465632317e-01  2.7236563069442e-01  9.0739025628746e-02
  3.9609375000000e+00  3.9314324018200e-01  2.7314740774215e-01  1.1999583243985e-01
  3.9765625000000e+00  4.0372960306312e-01  2.7389799189326e-01  1.2983161116986e-01
  3.9921875000000e+00  3.9094875047172e-01  2.7461711394389e-01  1.1633163652783e-01
  4.0078125000000e+00  2.2109162836659e-01  2.7530451550334e-01  5.4212887136750e-02
  4.0234375000000e+00  2.0409041963165e-01  2.7595994914878e-01  7.1869529517131e-02
  4.0390625000000e+00  1.9308269577981e-01  2.7658317857366e-01  8.3500482793853e-02
  4.0546875000000e+00  1.9254304137984e-01  2.7717397872970e-01  8.4630937349859e-02
  4.0703125000000e+00  1.9581432976998e-01  2.7773213596227e-01  8.1917806192287e-02
  4.0859375000000e+00  1.9758917711743e-01  2.7825744813918e-01  8.0668271021751e-02
  4.1015625000000e+00  2.0801186215383e-01  2.7874972477270e-01  7.0737862618872e-02
  4.1171875000000e+00  2.2833914540012e-01  2.7920878713462e-01  5.0869641734501e-02
  4.1328125000000e+00  2.4932812665077e-01  2.7963446836441e-01  3.0306341713639e-02
  4.1484375000000e+00  2.7217390503650e-01  2.8002661357033e-01  7.8527085338321e-03
  4.1640625000000e+00  3.0759440346180e-01  2.8038507992330e-01  2.7209323538499e-02
  4.1796875000000e+00  3.4276460399496e-01  2.8070973674367e-01  6.2054867251286e-02
  4.1953125000000e+00  3.7309745769603e-01  2.8100046558055e-01  9.2096992115482e-02
  4.2109375000000e+00  4.0314077247910e-01  2.8125716028387e-01  1.2188361219523e-01
  4.2265625000000e+00  4.1345750255483e-01  2.8147972706895e-01  1.3197777548588e-01
  4.2421875000000e+00  3.9989988524656e-01  2.8166808457365e-01  1.1823180067292e-01
  4.2578125000000e+00  2.2621534626588e-01  2.8182216390788e-01  5.5606817641997e-02
  4.2734375000000e+00  2.0880758566275e-01  2.8194190869563e-01  7.3134323032877e-02
  4.2890625000000e+00  1.9747873439311e-01  2.8202727510935e-01  8.4548540716238e-02
  4.3046875000000e+00  1.9661634168759e-01  2.8207823189665e-01  8.5461890209060e-02
  4.3203125000000e+00  1.9952336509033e-01  2.8209476039941e-01  8.2571395309082e-02
  4.3359375000000e+00  2.0094397630684e-01  2.8207685456513e-01  8.1132878258299e-02
  4.3515625000000e+00  2.1095980797265e-01  2.8202452095066e-01  7.1064712978015e-02
  4.3671875000000e+00  2.3070310246740e-01  2.8193777871817e-01  5.1234676250766e-02
  4.3828125000000e+00  2.5107163978649e-01  2.8181665962345e-01  3.0745019836959e-02
  4.3984375000000e+00  2.7328652118496e-01  2.8166120799656e-01  8.3746868116059e-03
  4.4140625000000e+00  3.0784168841678e-01  2.8147148071480e-01  2.6370207701975e-02
  4.4296875000000e+00  3.4212785442786e-01  2.8124754716798e-01  6.0880307259885e-02
  4.4453125000000e+00  3.7158857624158e-01  2.8098948921615e-01  9.0599087025427e-02
  4.4609375000000e+00  4.0069287351621e-01  2.8069740113976e-01  1.1999547237645e-01
  4.4765625000000e+00  4.1040584062411e-01  2.8037138958219e-01  1.3003445104192e-01
  4.4921875000000e+00  3.9647735495903e-01  2.8001157348491e-01  1.1646578147412e-01
  4.5078125000000e+00  2.2432166733366e-01  2.7961808401514e-01  5.5296416681476e-02
  4.5234375000000e+00  2.0703642381997e-01  2.7919106448616e-01  7.2154640666196e-02
  4.5390625000000e+00  1.9572864763892e-01  2.7873067027033e-01  8.3002022631409e-02
  4.5546875000000e+00  1.9456683714497e-01  2.7823706870486e-01  8.3670231559892e-02
  4.5703125000000e+00  1.9701871377249e-01  2.7771043899046e-01  8.0691725217967e-02
  4.5859375000000e+00  1.9804097345487e-01  2.7715097208292e-01  7.9109998628044e-02
  4.6015625000000e+00  2.0734516342514e-01  2.7655887057769e-01  6.9213707152552e-02
  4.6171875000000e+00  2.2590993932634e-01  2.7593434858767e-01  5.0024409261328e-02
  4.6328125000000e+00  2.4504621907184e-01  2.7527763161412e-01  3.0231412542279e-02
  4.6484375000000e+00  2.6596396916132e-01  2.7458895641102e-01  8.6249872496922e-03
  4.6640625000000e+00  2.9862142314150e-01  2.7386857084278e-01  2.4752852298714e-02
  4.6796875000000e+00  3.3100073630039e-01  2.7311673373566e-01  5.7884002564733e-02
  4.6953125000000e+00  3.5871646051709e-01  2.7233371472273e-01  8.6382745794361e-02
  4.7109375000000e+00  3.8602439549211e-01  2.7151979408279e-01  1.1450460140932e-01
  4.7265625000000e+00  3.9485590726212e-01  2.7067526257317e-01  1.2418064468895e-01
  4.7421875000000e+00  3.8099649135615e-01  2.6980042125672e-01  1.1119607009942e-01
  4.7578125000000e+00  2.1558625199545e-01  2.6889558132294e-01  5.3309329327489e-02
  4.7734375000000e+00  1.9894135268521e-01  2.6796106390357e-01  6.9019711218363e-02
  4.7890625000000e+00  1.8799615074363e-01  2.6699719988278e-01  7.9001049139150e-02
  4.8046875000000e+00  1.8658489584941e-01  2.6600432970193e-01  7.9419433852521e-02
  4.8203125000000e+00  1.8853301475834e-01  2.6498280315933e-01  7.6449788400987e-02
  4.8359375000000e+00  1.8914962288767e-01  2.6393297920496e-01  7.4783356317290e-02
  4.8515625000000e+00  1.9750246110657e-01  2.6285522573041e-01  6.5352764623846e-02
  4.8671875000000e+00  2.1440078687274e-01  2.6174991935422e-01  4.7349132481482e-02
  4.8828125000000e+00  2.3180506134003e-01  2.6061744520269e-01  2.8812383862657e-02
  4.8984375000000e+00  2.5087674206075e-01  2.5945819668653e-01  8.5814546257781e-03
  4.9140625000000e+00  2.8077524145073e-01  2.5827257527329e-01  2.2502666177435e-02
  4.9296875000000e+00  3.1039700753435e-01  2.5706099025603e-01  5.3336017278320e-02
  4.9453125000000e+00  3.3565145174333e-01  2.5582385851811e-01  7.9827593225229e-02
  4.9609375000000e+00  3.6046723302004e-01  2.5456160429456e-01  1.0590562872547e-01
  4.9765625000000e+00  3.6821851662915e-01  2.5327465893010e-01  1.1494385769905e-01
  4.9921875000000e+00  3.5486164832192e-01  2.5196346063392e-01  1.0289818768800e-01
  5.0078125000000e+00  2.0080367577911e-01  2.5062845423161e-01  4.9824778452505e-02
  5.0234375000000e+00  1.8526015039652e-01  2.4927009091430e-01  6.4009940517784e-02
  5.0390625000000e+00  1.7498660888959e-01  2.4788882798520e-01  7.2902219095613e-02
  5.0546875000000e+00  1.7339849571707e-01  2.4648512860383e-01  7.3086632886761e-02
  5.0703125000000e+00  1.7483806302907e-01  2.4505946152805e-01  7.0221398498975e-02
  5.0859375000000e+00  1.7507634867164e-01  2.4361230085415e-01  6.8535952182512e-02
  5.1015625000000e+00  1.8232060792843e-01  2.4214412575520e-01  5.9823517826769e-02
  5.1171875000000e+00  1.9720889980351e-01  2.4065542021776e-01  4.3446520414251e-02
  5.1328125000000e+00  2.1253067930824e-01  2.3914667277732e-01  2.6615993469081e-02
  5.1484375000000e+00  2.2936709038555e-01  2.3761837625255e-01  8.2512858670046e-03
  5.1640625000000e+00  2.5588214882794e-01  2.3607102747857e-01  1.9811121349368e-02
  5.1796875000000e+00  2.8213264966819e-01  2.3450512703951e-01  4.7627522628680e-02
  5.1953125000000e+00  3.0442020358725e-01  2.3292117900046e-01  7.1499024586795e-02
  5.2109375000000e+00  3.2626030884818e-01  2.3131969063912e-01  9.4940618209062e-02
  5.2265625000000e+00  3.3282389936814e-01  2.2970117217728e-01  1.0312272719086e-01
  5.2421875000000e+00  3.2035575929818e-01  2.2806613651229e-01  9.2289622785888e-02
  5.2578125000000e+00  1.8126922669219e-01  2.2641509894882e-01  4.5145872256626e-02
  5.2734375000000e+00  1.6719375151707e-01  2.2474857693103e-01  5.7554825413955e-02
  5.2890625000000e+00  1.5784264186009e-01  2.2306708977537e-01  6.5224447915278e-02
  5.3046875000000e+00  1.5616271484059e-01  2.2137115840418e-01  6.5208443563593e-02
  5.3203125000000e+00  1.5712824556000e-01  2.1966130508029e-01  6.2533059520288e-02
  5.3359375000000e+00  1.5704443457903e-01  2.1793805314281e-01  6.0893618563774e-02
  5.3515625000000e+00  1.6311175198566e-01  2.1620192674430e-01  5.3090174758645e-02
  5.3671875000000e+00  1.7580670876434e-01  2.1445345058949e-01  3.8646741825156e-02
  5.3828125000000e+00  1.8886184131866e-01  2.1269314967571e-01  2.3831308357049e-02
  5.3984375000000e+00  2.0325119690554e-01  2.1092154903522e-01  7.6703521296893e-03
  5.4140625000000e+00  2.2602899279118e-01  2.0913917347970e-01  1.6889819311485e-02
  5.4296875000000e+00  2.4856255864240e-01  2.0734654734684e-01  4.1216011295553e-02
  5.4453125000000e+00  2.6761227511497e-01  2.0554419424951e-01  6.2068080865464e-02
  5.4609375000000e+00  2.8622652411561e-01  2.0373263682735e-01  8.2493887288256e-02
  5.4765625000000e+00  2.9158473270437e-01  2.0191239650122e-01  8.9672336203144e-02
  5.4921875000000e+00  2.8031194922603e-01  2.0008399323047e-01  8.0227955995557e-02
  5.5078125000000e+00  1.5859099363466e-01  1.9824794527327e-01  3.9656951638606e-02
  5.5234375000000e+00  1.4623110109106e-01  1.9640476895011e-01  5.0173667859050e-02
  5.5390625000000e+00  1.3797802334062e-01  1.9455497841070e-01  5.6576955070080e-02
  5.5546875000000e+00  1.3629323709146e-01  1.9269908540424e-01  5.6405848312773e-02
  5.5703125000000e+00  1.3684975081839e-01  1.9083759905338e-01  5.3987848234994e-02
  5.5859375000000e+00  1.3651877921114e-01  1.8897102563191e-01  5.2452246420761e-02
  5.6015625000000e+00  1.4142349778160e-01  1.8709986834622e-01  4.5676370564623e-02
  5.6171875000000e+00  1.5189860232462e-01  1.8522462712093e-01  3.3326024796309e-02
  5.6328125000000e+00  1.6266377186260e-01  1.8334579838840e-01  2.0682026525794e-02
  5.6484375000000e+00  1.7456906097394e-01  1.8146387488264e-01  6.8948139087068e-03
  5.6640625000000e+00  1.9352230444551e-01  1.7957934543748e-01  1.3942959008034e-02
  5.6796875000000e+00  2.1225818588511e-01  1.7769269478911e-01  3.4565491096002e-02
  5.6953125000000e+00  2.2802658591250e-01  1.7580440338323e-01  5.2222182529269e-02
  5.7109375000000e+00  2.4338963458428e-01  1.7391494718679e-01  6.9474687397485e-02
  5.7265625000000e+00  2.4760336564013e-01  1.7202479750444e-01  7.5578568135684e-02
  5.7421875000000e+00  2.3773094892530e-01  1.7013442079975e-01  6.7596528125559e-02
  5.7578125000000e+00  1.3447328569576e-01  1.6824427852129e-01  3.3770992825531e-02
  5.7734375000000e+00  1.2394889616994e-01  1.6635482693376e-01  4.2405930763826e-02
  5.7890625000000e+00  1.1688610907477e-01  1.6446651695399e-01  4.7580407879223e-02
  5.8046875000000e+00  1.1527567802472e-01  1.6257979399209e-01  4.7304115967377e-02
  5.8203125000000e+00  1.1550655901541e-01  1.6069509779775e-01  4.5188538782342e-02
  5.8359375000000e+00  1.1501073632767e-01  1.5881286231167e-01  4.3802125984003e-02
  5.8515625000000e+00  1.1883520812355e-01  1.5693351552230e-01  3.8098307398743e-02
  5.8671875000000e+00  1.2719851817880e-01  1.5505747932778e-01  2.7858961148981e-02
  5.8828125000000e+00  1.3578770854833e-01  1.5318516940330e-01  1.7397460854971e-02
  5.8984375000000e+00  1.4532248579572e-01  1.5131699507370e-01  5.9945092779837e-03
  5.9140625000000e+00  1.6059772503511e-01  1.4945335919154e-01  1.1144365843570e-02
  5.9296875000000e+00  1.7568679565364e-01  1.4759465802052e-01  2.8092137633115e-02
  5.9453125000000e+00  1.8832648558632e-01  1.4574128112440e-01  4.2585204461922e-02
  5.9609375000000e+00  2.0060461291257e-01  1.4389361126123e-01  5.6711001651346e-02
  5.9765625000000e+00  2.0379302759018e-01  1.4205202428318e-01  6.1741003306998e-02
  5.9921875000000e+00  1.9541825739584e-01  1.4021688904171e-01  5.5201368354130e-02
  6.0078125000000e+00  1.1050865777833e-01  1.3838856729823e-01  2.7879909519898e-02
  6.0234375000000e+00  1.0181924191895e-01  1.3656741364023e-01  3.4748171721281e-02
  6.0390625000000e+00  9.5958926358478e-02  1.3475377540281e-01  3.8794849044329e-02
  6.0546875000000e+00  9.4486583877265e-02  1.3294799259565e-01  3.8461408718381e-02
  6.0703125000000e+00  9.4480927061073e-02  1.3115039783540e-01  3.6669470774328e-02
  6.0859375000000e+00  9.3899097206036e-02  1.2936131628345e-01  3.5462219077417e-02
  6.1015625000000e+00  9.6773856909925e-02  1.2758106558903e-01  3.0807208679102e-02
  6.1171875000000e+00  1.0323331850030e-01  1.2580995583764e-01  2.2576637337337e-02
  6.1328125000000e+00  1.0986355296813e-01  1.2404828950484e-01  1.4184736536709e-02
  6.1484375000000e+00  1.1725443381974e-01  1.2229636141519e-01  5.0419275954465e-03
  6.1640625000000e+00  1.2917837130037e-01  1.2055445870644e-01  8.6239125939254e-03
  6.1796875000000e+00  1.4094793992321e-01  1.1882286079895e-01  2.2125079124266e-02
  6.1953125000000e+00  1.5075913089616e-01  1.1710183937007e-01  3.3657291526094e-02
  6.2109375000000e+00  1.6026012477427e-01  1.1539165833373e-01  4.4868466440544e-02
  6.2265625000000e+00  1.6257856299146e-01  1.1369257382494e-01  4.8885989166519e-02
  6.2421875000000e+00  1.5569681624072e-01  1.1200483418925e-01  4.3691982051471e-02
  6.2578125000000e+00  8.8015834009523e-02  1.1032867997710e-01  2.2312845967574e-02
  6.2734375000000e+00  8.1059248367994e-02  1.0866434394293e-01  2.7605095574931e-02
  6.2890625000000e+00  7.6344650069044e-02  1.0701205104908e-01  3.0667400980035e-02
  6.3046875000000e+00  7.5053804585502e-02  1.0537201847433e-01  3.0318213888831e-02
  6.3203125000000e+00  7.4895753290479e-02  1.0374445562701e-01  2.8848702336534e-02
  6.3359375000000e+00  7.4295623710605e-02  1.0212956416263e-01  2.7833940452021e-02
  6.3515625000000e+00  7.6376566689863e-02  1.0052753800591e-01  2.4150971316047e-02
  6.3671875000000e+00  8.1202125964135e-02  9.8938563377223e-02  1.7736437413089e-02
  6.3828125000000e+00  8.6152897293304e-02  9.7362818823188e-02  1.1209921529884e-02
  6.3984375000000e+00  9.1697359452126e-02  9.5800475251500e-02  4.1031157993734e-03
  6.4140625000000e+00  1.0071196141111e-01  9.4251695969801e-02  6.4602654413066e-03
  6.4296875000000e+00  1.0960327876872e-01  9.2716636728546e-02  1.6886642040170e-02
  6.4453125000000e+00  1.1697725122099e-01  9.1195445767740e-02  2.5781805453253e-02
  6.4609375000000e+00  1.2409540199635e-01  8.9688263867471e-02  3.4407138128877e-02
  6.4765625000000e+00  1.2571228993547e-01  8.8195224402134e-02  3.7517065533335e-02
  6.4921875000000e+00  1.2023464438764e-01  8.6716453398235e-02  3.3518190989409e-02
  6.5078125000000e+00  6.7940612760050e-02  8.5252069595692e-02  1.7311456835642e-02
  6.5234375000000e+00  6.2540578702842e-02  8.3802184512520e-02  2.1261605809679e-02
  6.5390625000000e+00  5.8863338838703e-02  8.2366902512795e-02  2.3503563674092e-02
  6.5546875000000e+00  5.7775947086932e-02  8.0946320877794e-02  2.3170373790863e-02
  6.5703125000000e+00  5.7537104507657e-02  7.9540529880216e-02  2.2003425372559e-02
  6.5859375000000e+00  5.6969854652679e-02  7.8149612861351e-02  2.1179758208672e-02
  6.6015625000000e+00  5.8418846653383e-02  7.6773646311127e-02  1.8354799657744e-02
  6.6171875000000e+00  6.1904922344038e-02  7.5412699950889e-02  1.3507777606850e-02
  6.6328125000000e+00  6.5480069979634e-02  7.4066836818830e-02  8.5867668391962e-03
  6.6484375000000e+00  6.9504844724012e-02  7.2736113357953e-02  3.2312686339413e-03
  6.6640625000000e+00  7.6104961945026e-02  7.1420579506459e-02  4.6843824385665e-03
  6.6796875000000e+00  8.2610024626961e-02  7.0120278790445e-02  1.2489745836516e-02
  6.6953125000000e+00  8.7976054652260e-02  6.8835248418815e-02  1.9140806233445e-02
  6.7109375000000e+00  9.3139010171105e-02  6.7565519380288e-02  2.5573490790817e-02
  6.7265625000000e+00  9.4217793124213e-02  6.6311116542393e-02  2.7906676581820e-02
  6.7421875000000e+00  8.9994190110281e-02  6.5072058752347e-02  2.4922131357935e-02
  6.7578125000000e+00  5.0828048257441e-02  6.3848358939703e-02  1.3020310682262e-02
  6.7734375000000e+00  4.6763718669827e-02  6.2640024220671e-02  1.5876305550844e-02
  6.7890625000000e+00  4.3983043637089e-02  6.1447056003994e-02  1.7464012366905e-02
  6.8046875000000e+00  4.3101753169655e-02  6.0269450098269e-02  1.7167696928614e-02
  6.8203125000000e+00  4.2836823801874e-02  5.9107196820633e-02  1.6270373018759e-02
  6.8359375000000e+00  4.2335829708384e-02  5.7960281106676e-02  1.5624451398292e-02
  6.8515625000000e+00  4.3304857554821e-02  5.6828682621502e-02  1.3523825066681e-02
  6.8671875000000e+00  4.5739683909748e-02  5.5712375871825e-02  9.9726919620771e-03
  6.8828125000000e+00  4.8236022897615e-02  5.4611330319001e-02  6.3753074213863e-03
  6.8984375000000e+00  5.1062648194403e-02  5.3525510492894e-02  2.4628622984908e-03
  6.9140625000000e+00  5.5742349318521e-02  5.2454876106479e-02  3.2874732120421e-03
  6.9296875000000e+00  6.0351225956565e-02  5.1399382171086e-02  8.9518437854787e-03
  6.9453125000000e+00  6.4131700138893e-02  5.0358979112184e-02  1.3772721026709e-02
  6.9609375000000e+00  6.7756718688951e-02  4.9333612885613e-02  1.8423105803338e-02
  6.9765625000000e+00  6.8442900928125e-02  4.8323225094171e-02  2.0119675833954e-02
  6.9921875000000e+00  6.5288180820328e-02  4.7327753104463e-02  1.7960427715864e-02
  7.0078125000000e+00  3.6853828170854e-02  4.6347130163927e-02  9.4933019930737e-03
  7.0234375000000e+00  3.3887927871313e-02  4.5381285517937e-02  1.1493357646624e-02
  7.0390625000000e+00  3.1849414074507e-02  4.4430144526907e-02  1.2580730452399e-02
  7.0546875000000e+00  3.1161459375947e-02  4.3493628783312e-02  1.2332169407365e-02
  7.0703125000000e+00  3.0907697662423e-02  4.2571656228535e-02  1.1663958566112e-02
  7.0859375000000e+00  3.0489702623285e-02  4.1664141269459e-02  1.1174438646174e-02
  7.1015625000000e+00  3.1110891828562e-02  4.0770994894740e-02  9.6601030661779e-03
  7.1171875000000e+00  3.2754561961985e-02  3.9892124790658e-02  7.1375628286726e-03
  7.1328125000000e+00  3.4439484981134e-02  3.9027435456498e-02  4.5879504753645e-03
  7.1484375000000e+00  3.6359861792992e-02  3.8176828319369e-02  1.8169665263767e-03
  7.1640625000000e+00  3.9572834319446e-02  3.7340201848391e-02  2.2326324710551e-03
  7.1796875000000e+00  4.2734932606806e-02  3.6517451668200e-02  6.2174809386067e-03
  7.1953125000000e+00  4.5313289248210e-02  3.5708470671671e-02  9.6048185765392e-03
  7.2109375000000e+00  4.7776874300447e-02  3.4913149131829e-02  1.2863725168619e-02
  7.2265625000000e+00  4.8190828940828e-02  3.4131374812859e-02  1.4059454127969e-02
  7.2421875000000e+00  4.5908118439802e-02  3.3363033080169e-02  1.2545085359633e-02
  7.2578125000000e+00  2.5897995738596e-02  3.2608007009439e-02  6.7100112708429e-03
  7.2734375000000e+00  2.3799548449408e-02  3.1866177494607e-02  8.0666290451989e-03
  7.2890625000000e+00  2.2350771785434e-02  3.1137423354731e-02  8.7866515692964e-03
  7.3046875000000e+00  2.1833046614170e-02  3.0421621439682e-02  8.5885748255122e-03
  7.3203125000000e+00  2.1611936256575e-02  2.9718646734612e-02  8.1067104780370e-03
  7.3359375000000e+00  2.1280314684528e-02  2.9028372463149e-02  7.7480577786208e-03
  7.3515625000000e+00  2.1660947500639e-02  2.8350670189283e-02  6.6897226886438e-03
  7.3671875000000e+00  2.2733083006333e-02  2.7685409917885e-02  4.9523269115515e-03
  7.3828125000000e+00  2.3832120799286e-02  2.7032460193833e-02  3.2003393945466e-03
  7.3984375000000e+00  2.5094098253566e-02  2.6391688199694e-02  1.2975899461281e-03
  7.4140625000000e+00  2.7230332885921e-02  2.5762959851930e-02  1.4673730339906e-03
  7.4296875000000e+00  2.9331342366499e-02  2.5146139895595e-02  4.1852024709037e-03
  7.4453125000000e+00  3.1033983807000e-02  2.4541091997487e-02  6.4928918095131e-03
  7.4609375000000e+00  3.2655003336840e-02  2.3947678837724e-02  8.7073244991163e-03
  7.4765625000000e+00  3.2890550631279e-02  2.3365762199720e-02  9.5247884315591e-03
  7.4921875000000e+00  3.1291247484499e-02  2.2795203058530e-02  8.4960444259690e-03
  7.5078125000000e+00  1.7641887566433e-02  2.2235861667541e-02  4.5939741011077e-03
  7.5234375000000e+00  1.6202354204292e-02  2.1687597643483e-02  5.4852434391911e-03
  7.5390625000000e+00  1.5203276285057e-02  2.1150270049754e-02  5.9469937646973e-03
  7.5546875000000e+00  1.4825639013296e-02  2.0623737478013e-02  5.7980984647168e-03
  7.5703125000000e+00  1.4643500978695e-02  2.0107858128054e-02  5.4643571493587e-03
  7.5859375000000e+00  1.4388617268005e-02  1.9602489885926e-02  5.2138726179206e-03
  7.6015625000000e+00  1.4605911948690e-02  1.9107490400296e-02  4.5015784516058e-03
  7.6171875000000e+00  1.5275025038285e-02  1.8622717157036e-02  3.3476921187509e-03
  7.6328125000000e+00  1.5960368177223e-02  1.8148027552037e-02  2.1876593748136e-03
  7.6484375000000e+00  1.6754707372084e-02  1.7683278962223e-02  9.2857159013932e-04
  7.6640625000000e+00  1.8121779936043e-02  1.7228328814782e-02  8.9345112126120e-04
  7.6796875000000e+00  1.9466873443248e-02  1.6783034654591e-02  2.6838387886568e-03
  7.6953125000000e+00  2.0554663586427e-02  1.6347254209842e-02  4.2074093765851e-03
  7.7109375000000e+00  2.1597156372324e-02  1.5920845455864e-02  5.6763109164593e-03
  7.7265625000000e+00  2.1753174493924e-02  1.5503666677145e-02  6.2495078167793e-03
  7.7421875000000e+00  2.0726500675417e-02  1.5095576527550e-02  5.6309241478670e-03
  7.7578125000000e+00  1.1817684976580e-02  1.4696434088748e-02  2.8787491121680e-03
  7.7734375000000e+00  1.0952028207900e-02  1.4306098926842e-02  3.3540707189417e-03
  7.7890625000000e+00  1.0341522154792e-02  1.3924431147214e-02  3.5829089924221e-03
  7.8046875000000e+00  1.0070706433806e-02  1.3551291447597e-02  3.4805850137909e-03
  7.8203125000000e+00  9.8814702675865e-03  1.3186541169366e-02  3.3050709017798e-03
  7.8359375000000e+00  9.6511262636982e-03  1.2830042347088e-02  3.1789160833894e-03
  7.8515625000000e+00  9.6967388227835e-03  1.2481657756303e-02  2.7849189335195e-03
  7.8671875000000e+00  9.9170796983892e-03  1.2141250959590e-02  2.2241712612011e-03
  7.8828125000000e+00  1.0124070960077e-02  1.1808686350897e-02  1.6846153908201e-03
  7.8984375000000e+00  1.0448476966299e-02  1.1483829198169e-02  1.0353522318699e-03
  7.9140625000000e+00  1.1030439582126e-02  1.1166545684288e-02  1.3610610216182e-04
  7.9296875000000e+00  1.1631253180357e-02  1.0856702946333e-02  7.7455023402409e-04
  7.9453125000000e+00  1.2157976248367e-02  1.0554169113187e-02  1.6038071351803e-03
  7.9609375000000e+00  1.2621120972913e-02  1.0258813341506e-02  2.3623076314074e-03
  7.9765625000000e+00  1.2804001736320e-02  9.9705058500661e-03  2.8334958862542e-03
  7.9921875000000e+00  1.2341214772784e-02  9.6891179525177e-03  2.6520968202659e-03
