#              Coord.            Numerical           Analytical                Error
  3.9062500000000e-03  2.6778357463482e-03  2.6780195903416e-03  1.8384399344280e-07
  1.1718750000000e-02  2.7244672035824e-03  2.7235115045955e-03  9.5569898681674e-07
  1.9531250000000e-02  2.7691775012744e-03  2.7696916711578e-03  5.1416988348062e-07
  2.7343750000000e-02  2.8163648648969e-03  2.8165689176456e-03  2.0405274870489e-07
  3.5156250000000e-02  2.8644252536502e-03  2.8641521568626e-03  2.7309678758344e-07
  4.2968750000000e-02  2.9122431864293e-03  2.9124503871434e-03  2.0720071405248e-07
  5.0781250000000e-02  2.9615893311884e-03  2.9614726926911e-03  1.1663849725559e-07
  5.8593750000000e-02  3.0109514985030e-03  3.0112282439071e-03  2.7674540409263e-07
  6.6406250000000e-02  3.0614670886213e-03  3.0617262977128e-03  2.5920909157203e-07
  7.4218750000000e-02  3.1132086864423e-03  3.1129761978642e-03  2.3248857811175e-07
  8.2031250000000e-02  3.1645590058835e-03  3.1649873752576e-03  4.2836937405718e-07
  8.9843750000000e-02  3.2179543901030e-03  3.2177693482276e-03  1.8504187533240e-07
  9.7656250000000e-02  3.2716957630440e-03  3.2713317228368e-03  3.6404020719921e-07
  1.0546875000000e-01  3.3257226552037e-03  3.3256841931555e-03  3.8462048154893e-08
  1.1328125000000e-01  3.3791602074449e-03  3.3808365415346e-03  1.6763340897133e-06
  1.2109375000000e-01  3.4398911720404e-03  3.4367986388676e-03  3.0925331727695e-06
  1.2890625000000e-01  3.4933229796120e-03  3.4935804448443e-03  2.5746523229760e-07
  1.3671875000000e-01  3.5523519300576e-03  3.5511920081949e-03  1.1599218627091e-06
  1.4453125000000e-01  3.6085848866612e-03  3.6096434669243e-03  1.0585802631708e-06
  1.5234375000000e-01  3.6681025600871e-03  3.6689450485366e-03  8.4248844950960e-07
  1.6015625000000e-01  3.7290960024089e-03  3.7291070702494e-03  1.1067840444048e-08
  1.6796875000000e-01  3.7899165902794e-03  3.7901399391980e-03  2.2334891858862e-07
  1.7578125000000e-01  3.8524622059268e-03  3.8520541526294e-03  4.0805329739853e-07
  1.8359375000000e-01  3.9146118448623e-03  3.9148602980846e-03  2.4845322227872e-07
  1.9140625000000e-01  3.9779802817555e-03  3.9785690535713e-03  5.8877181580326e-07
  1.9921875000000e-01  4.0429520114748e-03  4.0431911877245e-03  2.3917624973960e-07
  2.0703125000000e-01  4.1076129022209e-03  4.1087375599564e-03  1.1246577355222e-06
  2.1484375000000e-01  4.1751509809689e-03  4.1752191205943e-03  6.8139625431646e-08
  2.2265625000000e-01  4.2431784332703e-03  4.2426469110071e-03  5.3152226318388e-07
  2.3046875000000e-01  4.3114581511034e-03  4.3110320637196e-03  4.2608738372741e-07
  2.3828125000000e-01  4.3787083459561e-03  4.3803858025150e-03  1.6774565589463e-06
  2.4609375000000e-01  4.4552013521259e-03  4.4507194425244e-03  4.4819096014668e-06
  2.5390625000000e-01  4.5220513073850e-03  4.5220443903044e-03  6.9170805992724e-09
  2.6171875000000e-01  4.5960440943843e-03  4.5943721439014e-03  1.6719504828885e-06
  2.6953125000000e-01  4.6663712830196e-03  4.6677142929028e-03  1.3430098831212e-06
  2.7734375000000e-01  4.7409211058837e-03  4.7420825184755e-03  1.1614125917450e-06
  2.8515625000000e-01  4.8174194241380e-03  4.8174885933903e-03  6.9169252327542e-08
  2.9296875000000e-01  4.8936794793169e-03  4.8939443820332e-03  2.6490271632859e-07
  3.0078125000000e-01  4.9720158541311e-03  4.9714618404019e-03  5.5401372925108e-07
  3.0859375000000e-01  5.0497011956239e-03  5.0500530160892e-03  3.5182046527471e-07
  3.1640625000000e-01  5.1288785634298e-03  5.1297300482515e-03  8.5148482168850e-07
  3.2421875000000e-01  5.2101213951569e-03  5.2105051675626e-03  3.8377240576919e-07
  3.3203125000000e-01  5.2909295810444e-03  5.2923906961530e-03  1.4611151085758e-06
  3.3984375000000e-01  5.3753428318358e-03  5.3753990475340e-03  5.6215698259615e-08
  3.4765625000000e-01  5.4602101867432e-03  5.4595427265068e-03  6.6746023633362e-07
  3.5546875000000e-01  5.5453606963588e-03  5.5448343290557e-03  5.2636730310876e-07
  3.6328125000000e-01  5.6291080276064e-03  5.6312865422259e-03  2.1785146195530e-06
  3.7109375000000e-01  5.7246594590314e-03  5.7189121439856e-03  5.7473150457833e-06
  3.7890625000000e-01  5.8076663603956e-03  5.8077240030715e-03  5.7642675864271e-08
  3.8671875000000e-01  5.8997835382358e-03  5.8977350788178e-03  2.0484594179413e-06
  3.9453125000000e-01  5.9871582007701e-03  5.9889584209698e-03  1.8002201997444e-06
  4.0234375000000e-01  6.0798935256085e-03  6.0814071694791e-03  1.5136438706017e-06
  4.1015625000000e-01  6.1750112031540e-03  6.1750945542829e-03  8.3351128873053e-08
  4.1796875000000e-01  6.2696589038671e-03  6.2700338950655e-03  3.7499119840204e-07
  4.2578125000000e-01  6.3668777513998e-03  6.3662386010026e-03  6.3915039729030e-07
  4.3359375000000e-01  6.4632695635846e-03  6.4637221704876e-03  4.5260690308309e-07
  4.4140625000000e-01  6.5614803152830e-03  6.5624981908408e-03  1.0178755577408e-06
  4.4921875000000e-01  6.6621922171857e-03  6.6625803379988e-03  3.8812081307529e-07
  4.5703125000000e-01  6.7621744827036e-03  6.7639823761876e-03  1.8078934839825e-06
  4.6484375000000e-01  6.8666314982312e-03  6.8667181575756e-03  8.6659344433922e-08
  4.7265625000000e-01  6.9715675660157e-03  6.9708016219082e-03  7.6594410749250e-07
  4.8046875000000e-01  7.0768728802612e-03  7.0762467961239e-03  6.2608413729272e-07
  4.8828125000000e-01  7.1802255972800e-03  7.1830677939504e-03  2.8421966703843e-06
  4.9609375000000e-01  7.2985486315949e-03  7.2912788154817e-03  7.2698161132029e-06
  5.0390625000000e-01  7.4007802782512e-03  7.4008941467355e-03  1.1386848435511e-07
  5.1171875000000e-01  7.5145511229851e-03  7.5119281591905e-03  2.6229637945553e-06
  5.1953125000000e-01  7.6221448869076e-03  7.6243953093040e-03  2.2504223964595e-06
  5.2734375000000e-01  7.7363666378882e-03  7.7383101380086e-03  1.9435001204120e-06
  5.3515625000000e-01  7.8535178863521e-03  7.8536872701889e-03  1.6938383676224e-07
  5.4296875000000e-01  7.9700427371796e-03  7.9705414141373e-03  4.9867695771366e-07
  5.5078125000000e-01  8.0897522575099e-03  8.0888873609887e-03  8.6489652116259e-07
  5.5859375000000e-01  8.2082657366425e-03  8.2087399841343e-03  4.7424749179820e-07
  5.6640625000000e-01  8.3288667201175e-03  8.3301142386140e-03  1.2475184964465e-06
  5.7421875000000e-01  8.4525038385615e-03  8.4530251604866e-03  5.2132192516000e-07
  5.8203125000000e-01  8.5751397751286e-03  8.5774878661797e-03  2.3480910511537e-06
  5.8984375000000e-01  8.7034040790834e-03  8.7035175518161e-03  1.1347273260430e-07
  5.9765625000000e-01  8.8320956772251e-03  8.8311294925184e-03  9.6618470665083e-07
  6.0546875000000e-01  8.9611365607434e-03  8.9603390416924e-03  7.9751905100039e-07
  6.1328125000000e-01  9.0875311767554e-03  9.0911616302862e-03  3.6304535308285e-06
  6.2109375000000e-01  9.2328402595431e-03  9.2236127660277e-03  9.2274935153507e-06
  6.2890625000000e-01  9.3576042466673e-03  9.3577080326387e-03  1.0378597141945e-07
  6.3671875000000e-01  9.4967987236769e-03  9.4934630890261e-03  3.3356346507852e-06
  6.4453125000000e-01  9.6280426075965e-03  9.6308936684495e-03  2.8510608530100e-06
  6.5234375000000e-01  9.7675277562568e-03  9.7700155776657e-03  2.4878214088826e-06
  6.6015625000000e-01  9.9106309844007e-03  9.9108446960486e-03  2.1371164792526e-07
  6.6796875000000e-01  1.0052806184663e-02  1.0053396974687e-02  5.9079002381023e-07
  6.7578125000000e-01  1.0198788620355e-02  1.0197688435455e-02  1.1001848994382e-06
  6.8359375000000e-01  1.0343132300609e-02  1.0343735170065e-02  6.0286945595747e-07
  6.9140625000000e-01  1.0489966109908e-02  1.0491553339084e-02  1.5872291763003e-06
  6.9921875000000e-01  1.0640507412346e-02  1.0641159170942e-02  6.5175859569055e-07
  7.0703125000000e-01  1.0789626735484e-02  1.0792568960898e-02  2.9422254139745e-06
  7.1484375000000e-01  1.0945678015395e-02  1.0945799069998e-02  1.2105460316623e-07
  7.2265625000000e-01  1.1102051565533e-02  1.1100865923992e-02  1.1856415403459e-06
  7.3046875000000e-01  1.1258796162034e-02  1.1257786012240e-02  1.0101497942786e-06
  7.3828125000000e-01  1.1412002342742e-02  1.1416575886580e-02  4.5735438383553e-06
  7.4609375000000e-01  1.1588858184761e-02  1.1577252160182e-02  1.1606024578833e-05
  7.5390625000000e-01  1.1739706277116e-02  1.1739831506367e-02  1.2522925151720e-07
  7.6171875000000e-01  1.1908519923045e-02  1.1904330657407e-02  4.1892656375414e-06
  7.6953125000000e-01  1.2067214118847e-02  1.2070766403293e-02  3.5522844456307e-06
  7.7734375000000e-01  1.2236039928909e-02  1.2239155590481e-02  3.1156615722307e-06
  7.8515625000000e-01  1.2409250893001e-02  1.2409515120613e-02  2.6422761252240e-07
  7.9296875000000e-01  1.2581134395480e-02  1.2581861949207e-02  7.2755372649592e-07
  8.0078125000000e-01  1.2757575912379e-02  1.2756213084321e-02  1.3628280584252e-06
  8.0859375000000e-01  1.2931838887061e-02  1.2932585585197e-02  7.4669813576039e-07
  8.1640625000000e-01  1.3109020654802e-02  1.3110996560871e-02  1.9759060684264e-06
  8.2421875000000e-01  1.3290658606230e-02  1.3291463168755e-02  8.0456252513419e-07
  8.3203125000000e-01  1.3470326291508e-02  1.3474002613205e-02  3.6763216964882e-06
  8.3984375000000e-01  1.3658497143652e-02  1.3658632144041e-02  1.3500038886262e-07
  8.4765625000000e-01  1.3846820563591e-02  1.3845369055060e-02  1.4515085312600e-06
  8.5546875000000e-01  1.4035509733788e-02  1.4034230682510e-02  1.2790512782905e-06
  8.6328125000000e-01  1.4219515430088e-02  1.4225234403540e-02  5.7189734519059e-06
  8.7109375000000e-01  1.4432874747083e-02  1.4418397634621e-02  1.4477112461884e-05
  8.7890625000000e-01  1.4613587895801e-02  1.4613737829944e-02  1.4993414325024e-07
  8.8671875000000e-01  1.4816496050976e-02  1.4811272479783e-02  5.2235711924791e-06
  8.9453125000000e-01  1.5006628818119e-02  1.5011019108839e-02  4.3902907194814e-06
  9.0234375000000e-01  1.5209122231514e-02  1.5212995274547e-02  3.8730430330456e-06
  9.1015625000000e-01  1.5416892928477e-02  1.5417218565363e-02  3.2563688662397e-07
  9.1796875000000e-01  1.5622818891166e-02  1.5623706599020e-02  8.8770785413791e-07
  9.2578125000000e-01  1.5834153484598e-02  1.5832477020755e-02  1.6764638427480e-06
  9.3359375000000e-01  1.6042629420072e-02  1.6043547501507e-02  9.1808143571834e-07
  9.4140625000000e-01  1.6254493872082e-02  1.6256935736095e-02  2.4418640131585e-06
  9.4921875000000e-01  1.6471674082107e-02  1.6472659441356e-02  9.8535924903526e-07
  9.5703125000000e-01  1.6686180205573e-02  1.6690736354263e-02  4.5561486898202e-06
  9.6484375000000e-01  1.6911036978697e-02  1.6911184230013e-02  1.4725131646312e-07
  9.7265625000000e-01  1.7135782702689e-02  1.7134020840089e-02  1.7618625999388e-06
  9.8046875000000e-01  1.7360869839137e-02  1.7359263970285e-02  1.6058688515688e-06
  9.8828125000000e-01  1.7579837021661e-02  1.7586931418717e-02  7.0943970564147e-06
  9.9609375000000e-01  1.7834958631136e-02  1.7817040993792e-02  1.7917637343472e-05
  1.0039062500000e+00  1.8049432925633e-02  1.8049610512158e-02  1.7758652511024e-07
  1.0117187500000e+00  1.8291119894245e-02  1.8284657796622e-02  6.4620976234879e-06
  1.0195312500000e+00  1.8516817045505e-02  1.8522200674041e-02  5.3836285364810e-06
  1.0273437500000e+00  1.8757479831732e-02  1.8762256973185e-02  4.7771414526804e-06
  1.0351562500000e+00  1.9004446698780e-02  1.9004844522569e-02  3.9782378928599e-07
  1.0429687500000e+00  1.9248906838040e-02  1.9249981148263e-02  1.0743102221156e-06
  1.0507812500000e+00  1.9499730746957e-02  1.9497684671666e-02  2.0460752907653e-06
  1.0585937500000e+00  1.9746853137623e-02  1.9747972907261e-02  1.1197696384475e-06
  1.0664062500000e+00  1.9997869424317e-02  2.0000863660335e-02  2.9942360177913e-06
  1.0742187500000e+00  2.0255177120449e-02  2.0256374724672e-02  1.1976042227010e-06
  1.0820312500000e+00  2.0508921103458e-02  2.0514523880223e-02  5.6027767655308e-06
  1.0898437500000e+00  2.0775172383878e-02  2.0775328890745e-02  1.5650686758378e-07
  1.0976562500000e+00  2.1040929038687e-02  2.1038807501409e-02  2.1215372781429e-06
  1.1054687500000e+00  2.1306977003735e-02  2.1304977436385e-02  1.9995673498398e-06
  1.1132812500000e+00  2.1565124790482e-02  2.1573856396404e-02  8.7316059219980e-06
  1.1210937500000e+00  2.1867464444818e-02  2.1845462056278e-02  2.2002388540242e-05
  1.1289062500000e+00  2.2119603988818e-02  2.2119812062408e-02  2.0807359030900e-07
  1.1367187500000e+00  2.2404856181741e-02  2.2396924030258e-02  7.9321514829221e-06
  1.1445312500000e+00  2.2670265309811e-02  2.2676815541801e-02  6.5502319901573e-06
  1.1523437500000e+00  2.2953657885380e-02  2.2959504142940e-02  5.8462575606329e-06
  1.1601562500000e+00  2.3244524813993e-02  2.3245007340905e-02  4.8252691247155e-07
  1.1679687500000e+00  2.3532052788517e-02  2.3533342601616e-02  1.2898130992700e-06
  1.1757812500000e+00  2.3827004707556e-02  2.3824527347028e-02  2.4773605280005e-06
  1.1835937500000e+00  2.4117223975688e-02  2.4118578952442e-02  1.3549767543183e-06
  1.1914062500000e+00  2.4411872358207e-02  2.4415514743799e-02  3.6423855914389e-06
  1.1992187500000e+00  2.4713907637050e-02  2.4715351994937e-02  1.4443578875666e-06
  1.2070312500000e+00  2.5011271979444e-02  2.5018107924833e-02  6.8359453892254e-06
  1.2148437500000e+00  2.5323638278220e-02  2.5323799694811e-02  1.6141659113858e-07
  1.2226562500000e+00  2.5634978634809e-02  2.5632444405730e-02  2.5342290787302e-06
  1.2304687500000e+00  2.5946528545779e-02  2.5944059095143e-02  2.4694506361063e-06
  1.2382812500000e+00  2.6247998881807e-02  2.6258660734437e-02  1.0661852630368e-05
  1.2460937500000e+00  2.6603073624462e-02  2.6576266225939e-02  2.6807398522240e-05
  1.2539062500000e+00  2.6896651644388e-02  2.6896892400009e-02  2.4075562125858e-07
  1.2617187500000e+00  2.7230216999353e-02  2.7220556012096e-02  9.6609872568057e-06
  1.2695312500000e+00  2.7539365956194e-02  2.7547273739783e-02  7.9077835888029e-06
  1.2773437500000e+00  2.7869963380249e-02  2.7877062179797e-02  7.0987995479874e-06
  1.2851562500000e+00  2.8209357651491e-02  2.8209937845005e-02  5.8019351411101e-07
  1.2929687500000e+00  2.8544381363448e-02  2.8545917161377e-02  1.5357979293480e-06
  1.3007812500000e+00  2.8887992456798e-02  2.8885016464936e-02  2.9759918622023e-06
  1.3085937500000e+00  2.9225625427110e-02  2.9227251998680e-02  1.6265715695046e-06
  1.3164062500000e+00  2.9568243417740e-02  2.9572639909478e-02  4.3964917386119e-06
  1.3242187500000e+00  2.9919467769668e-02  2.9921196244957e-02  1.7284752891096e-06
  1.3320312500000e+00  3.0264662294213e-02  3.0272936950349e-02  8.2746561359918e-06
  1.3398437500000e+00  3.0627717502719e-02  3.0627877865333e-02  1.6036261440283e-07
  1.3476562500000e+00  3.0989037474287e-02  3.0986034720849e-02  3.0027534375122e-06
  1.3554687500000e+00  3.1350447897256e-02  3.1347423135887e-02  3.0247613691872e-06
  1.3632812500000e+00  3.1699142155078e-02  3.1712058614265e-02  1.2916459187322e-05
  1.3710937500000e+00  3.2112362700308e-02  3.2079956541380e-02  3.2406158928161e-05
  1.3789062500000e+00  3.2450857439343e-02  3.2451132180941e-02  2.7474159774304e-07
  1.3867187500000e+00  3.2837275063906e-02  3.2825600671686e-02  1.1674392219767e-05
  1.3945312500000e+00  3.3193904916950e-02  3.3203377024074e-02  9.4721071238688e-06
  1.4023437500000e+00  3.3575923585553e-02  3.3584476116965e-02  8.5525314120760e-06
  1.4101562500000e+00  3.3968220366949e-02  3.3968912694277e-02  6.9232732787666e-07
  1.4179687500000e+00  3.4354887194760e-02  3.4356701361628e-02  1.8141668673907e-06
  1.4257812500000e+00  3.4751403751529e-02  3.4747856582957e-02  3.5471685720587e-06
  1.4335937500000e+00  3.5140455415412e-02  3.5142392677136e-02  1.9372617244134e-06
  1.4414062500000e+00  3.5535058089522e-02  3.5540323814559e-02  5.2657250370694e-06
  1.4492187500000e+00  3.5939611448318e-02  3.5941664013712e-02  2.0525653935816e-06
  1.4570312500000e+00  3.6336488731931e-02  3.6346427137738e-02  9.9384058064589e-06
  1.4648437500000e+00  3.6754476392932e-02  3.6754626890979e-02  1.5049804629602e-07
  1.4726562500000e+00  3.7169806234221e-02  3.7166276815504e-02  3.5294187178125e-06
  1.4804687500000e+00  3.7585064924968e-02  3.7581390287625e-02  3.6746373423338e-06
  1.4882812500000e+00  3.7984455540882e-02  3.7999980514402e-02  1.5524973519372e-05
  1.4960937500000e+00  3.8460929107780e-02  3.8422060530124e-02  3.8868577656212e-05
  1.5039062500000e+00  3.8847333098069e-02  3.8847643192792e-02  3.1009472343385e-07
  1.5117187500000e+00  3.9290738951369e-02  3.9276741180580e-02  1.3997770789156e-05
  1.5195312500000e+00  3.9698109292747e-02  3.9709366988285e-02  1.1257695538371e-05
  1.5273437500000e+00  4.0135308916722e-02  4.0145532923772e-02  1.0224007049656e-05
  1.5351562500000e+00  4.0584431367149e-02  4.0585251104399e-02  8.1973725000323e-07
  1.5429687500000e+00  4.1026408310990e-02  4.1028533453445e-02  2.1251424550534e-06
  1.5507812500000e+00  4.1479586340277e-02  4.1475391696512e-02  4.1946437642840e-06
  1.5585937500000e+00  4.1923548258929e-02  4.1925837357934e-02  2.2890990042518e-06
  1.5664062500000e+00  4.2373625173934e-02  4.2379881757164e-02  6.2565832307029e-06
  1.5742187500000e+00  4.2835117336553e-02  4.2837536005168e-02  2.4186686152367e-06
  1.5820312500000e+00  4.3286967985776e-02  4.3298811000795e-02  1.1843015018789e-05
  1.5898437500000e+00  4.3763587606956e-02  4.3763717427155e-02  1.2982019823027e-07
  1.5976562500000e+00  4.4236381173498e-02  4.4232265747980e-02  4.1154255174189e-06
  1.6054687500000e+00  4.4708894270332e-02  4.4704466203990e-02  4.4280663420715e-06
  1.6132812500000e+00  4.5161815094905e-02  4.5180328809244e-02  1.8513714338593e-05
  1.6210937500000e+00  4.5706118369964e-02  4.5659863347492e-02  4.6255022472179e-05
  1.6289062500000e+00  4.6142734315401e-02  4.6143079368526e-02  3.4505312515587e-07
  1.6367187500000e+00  4.6646638930506e-02  4.6629986184521e-02  1.6652745984572e-05
  1.6445312500000e+00  4.7107317105872e-02  4.7120592866381e-02  1.3275760509163e-05
  1.6523437500000e+00  4.7602780991498e-02  4.7614908240077e-02  1.2127248579151e-05
  1.6601562500000e+00  4.8111979031191e-02  4.8112940882989e-02  9.6185179725150e-07
  1.6679687500000e+00  4.8612229225997e-02  4.8614699120245e-02  2.4698942480278e-06
  1.6757812500000e+00  4.9125112076815e-02  4.9120191021061e-02  4.9210557540869e-06
  1.6835937500000e+00  4.9626740628590e-02  4.9629424395083e-02  2.6837664927129e-06
  1.6914062500000e+00  5.0135030662767e-02  5.0142406788728e-02  7.3761259608285e-06
  1.6992187500000e+00  5.0656317098701e-02  5.0659145481531e-02  2.8283828298753e-06
  1.7070312500000e+00  5.1165644571552e-02  5.1179647482492e-02  1.4002910940246e-05
  1.7148437500000e+00  5.1703823700010e-02  5.1703919526429e-02  9.5826418945733e-08
  1.7226562500000e+00  5.2236728144493e-02  5.2231968070334e-02  4.7600741591644e-06
  1.7304687500000e+00  5.2769090910647e-02  5.2763799289733e-02  5.2916209136306e-06
  1.7382812500000e+00  5.3277515143205e-02  5.3299419075060e-02  2.1903931855201e-05
  1.7460937500000e+00  5.3893448423723e-02  5.3838833028024e-02  5.4615395699162e-05
  1.7539062500000e+00  5.4381668046015e-02  5.4382046457994e-02  3.7841197810667e-07
  1.7617187500000e+00  5.4948722271970e-02  5.4929064378390e-02  1.9657893580174e-05
  1.7695312500000e+00  5.5464358060094e-02  5.5479891503083e-02  1.5533442988554e-05
  1.7773437500000e+00  5.6020260147653e-02  5.6034532242798e-02  1.4272095145249e-05
  1.7851562500000e+00  5.6591870415329e-02  5.6592990701539e-02  1.1202862099172e-06
  1.7929687500000e+00  5.7152423967417e-02  5.7155270673018e-02  2.8467056008563e-06
  1.8007812500000e+00  5.7727103963012e-02  5.7721375637093e-02  5.7283259197946e-06
  1.8085937500000e+00  5.8288186868846e-02  5.8291308756228e-02  3.1218873817185e-06
  1.8164062500000e+00  5.8856444617493e-02  5.8865072871959e-02  8.6282544665139e-06
  1.8242187500000e+00  5.9439388617428e-02  5.9442670501378e-02  3.2818839499349e-06
  1.8320312500000e+00  6.0007677146251e-02  6.0024103833628e-02  1.6426687377447e-05
  1.8398437500000e+00  6.0609329210262e-02  6.0609374726420e-02  4.5516157093362e-08
  1.8476562500000e+00  6.1203945936472e-02  6.1198484702559e-02  5.4612339131788e-06
  1.8554687500000e+00  6.1797707983390e-02  6.1791434946499e-02  6.2730368914632e-06
  1.8632812500000e+00  6.2362514394919e-02  6.2388226300900e-02  2.5711905980844e-05
  1.8710937500000e+00  6.3052842324939e-02  6.2988859263219e-02  6.3983061720549e-05
  1.8789062500000e+00  6.3592926259156e-02  6.3593333982314e-02  4.0772315836046e-07
  1.8867187500000e+00  6.4224673649980e-02  6.4201650255070e-02  2.3023394910657e-05
  1.8945312500000e+00  6.4795773620951e-02  6.4813807523042e-02  1.8033902091236e-05
  1.9023437500000e+00  6.5413139025797e-02  6.5429804869132e-02  1.6665843335095e-05
  1.9101562500000e+00  6.6048346790478e-02  6.6049641014274e-02  1.2942237967023e-06
  1.9179687500000e+00  6.6670059962799e-02  6.6673314314158e-02  3.2543513589639e-06
  1.9257812500000e+00  6.7307438101433e-02  6.7300822755965e-02  6.6153454679752e-06
  1.9335937500000e+00  6.7928562006355e-02  6.7932163955140e-02  3.6019487845845e-06
  1.9414062500000e+00  6.8557321959117e-02  6.8567335152180e-02  1.0013193063180e-05
  1.9492187500000e+00  6.9202554604860e-02  6.9206333209461e-02  3.7786046007682e-06
  1.9570312500000e+00  6.9830035023543e-02  6.9849154608084e-02  1.9119584540872e-05
  1.9648437500000e+00  7.0495820063949e-02  7.0495795444753e-02  2.4619196695164e-08
  1.9726562500000e+00  7.1152467589619e-02  7.1146251428684e-02  6.2161609343248e-06
  1.9804687500000e+00  7.1807893719076e-02  7.1800517878547e-02  7.3758405282481e-06
  1.9882812500000e+00  7.2428645214601e-02  7.2458589719431e-02  2.9944504830653e-05
  1.9960937500000e+00  7.3194833391896e-02  7.3120461479851e-02  7.4371912045484e-05
  2.0039062500000e+00  7.3785694692274e-02  7.3786127288782e-02  4.3259650750471e-07
  2.0117187500000e+00  7.4482337130915e-02  7.4455580872731e-02  2.6756258184310e-05
  2.0195312500000e+00  7.5108042085699e-02  7.5128815552843e-02  2.0773467143492e-05
  2.0273437500000e+00  7.5786514908919e-02  7.5805824242038e-02  1.9309333119666e-05
  2.0351562500000e+00  7.6485116983359e-02  7.6486599442196e-02  1.4824588372570e-06
  2.0429687500000e+00  7.7167443966121e-02  7.7171133241365e-02  3.6892752430517e-06
  2.0507812500000e+00  7.7866996163901e-02  7.7859417311018e-02  7.5788528836607e-06
  2.0585937500000e+00  7.8547318205829e-02  7.8551442903348e-02  4.1246975181486e-06
  2.0664062500000e+00  7.9235670150673e-02  7.9247200848597e-02  1.1530697924117e-05
  2.0742187500000e+00  7.9942365578225e-02  7.9946681552433e-02  4.3159742081494e-06
  2.0820312500000e+00  8.0627795537424e-02  8.0649874993366e-02  2.2079455942528e-05
  2.0898437500000e+00  8.1356886744509e-02  8.1356770720203e-02  1.1602430545488e-07
  2.0976562500000e+00  8.2074375180705e-02  8.2067357849553e-02  7.0173311519095e-06
  2.1054687500000e+00  8.2790227506425e-02  8.2781625063372e-02  8.6024430524939e-06
  2.1132812500000e+00  8.3464960375324e-02  8.3499560606555e-02  3.4600231230322e-05
  2.1210937500000e+00  8.4306924362601e-02  8.4221152284571e-02  8.5772078029692e-05
  2.1289062500000e+00  8.4945937819458e-02  8.4946387461151e-02  4.4964169346184e-07
  2.1367187500000e+00  8.5706104032193e-02  8.5675253056017e-02  3.0850976176167e-05
  2.1445312500000e+00  8.6383992253799e-02  8.6407735542661e-02  2.3743288861885e-05
  2.1523437500000e+00  8.7121623084076e-02  8.7143820946177e-02  2.2197862101420e-05
  2.1601562500000e+00  8.7881810545636e-02  8.7883494841142e-02  1.6842955057328e-06
  2.1679687500000e+00  8.8622593205968e-02  8.8626742349539e-02  4.1491435719132e-06
  2.1757812500000e+00  8.9382164633318e-02  8.9373548138751e-02  8.6164945671818e-06
  2.1835937500000e+00  9.0119212155273e-02  9.0123896419585e-02  4.6842643122991e-06
  2.1914062500000e+00  9.0864598247479e-02  9.0877770944366e-02  1.3172696887262e-05
  2.1992187500000e+00  9.1630262791041e-02  9.1635155005079e-02  4.8922140375857e-06
  2.2070312500000e+00  9.2370731776267e-02  9.2396031431564e-02  2.5299655296213e-05
  2.2148437500000e+00  9.3160615593111e-02  9.3160382589771e-02  2.3300334005272e-07
  2.2226562500000e+00  9.3936048808387e-02  9.3928190380069e-02  7.8584283181582e-06
  2.2304687500000e+00  9.4709388119868e-02  9.4699436235615e-02  9.9518842530677e-06
  2.2382812500000e+00  9.5434434381743e-02  9.5474101120776e-02  3.9666739033217e-05
  2.2460937500000e+00  9.6350313795457e-02  9.6252165529614e-02  9.8148265842452e-05
  2.2539062500000e+00  9.7033153073310e-02  9.7033609484431e-02  4.5641112077222e-07
  2.2617187500000e+00  9.7853708221795e-02  9.7818412534371e-02  3.5295687424330e-05
  2.2695312500000e+00  9.8579627603260e-02  9.8606553754087e-02  2.6926150826889e-05
  2.2773437500000e+00  9.9372692343386e-02  9.9398011742465e-02  2.5319399079349e-05
  2.2851562500000e+00  1.0019086433648e-01  1.0019276462142e-01  1.9002849348110e-06
  2.2929687500000e+00  1.0098616202170e-01  1.0099079003474e-01  4.6280130360926e-06
  2.3007812500000e+00  1.0180178185508e-01  1.0179206514700e-01  9.7167080785610e-06
  2.3085937500000e+00  1.0259128805234e-01  1.0259656664258e-01  5.2785902420333e-06
  2.3164062500000e+00  1.0338933866111e-01  1.0340427072465e-01  1.4932063539239e-05
  2.3242187500000e+00  1.0420964986844e-01  1.0421515311434e-01  5.5032459016641e-06
  2.3320312500000e+00  1.0500042694388e-01  1.0502918904988e-01  2.8762106001737e-05
  2.3398437500000e+00  1.0584673028868e-01  1.0584635328587e-01  3.7700280278163e-07
  2.3476562500000e+00  1.0667534913946e-01  1.0666662009261e-01  8.7290468542833e-06
  2.3554687500000e+00  1.0750138329800e-01  1.0748996325544e-01  1.1420042565852e-05
  2.3632812500000e+00  1.0827123799849e-01  1.0831635607422e-01  4.5118075733389e-05
  2.3710937500000e+00  1.0925720289805e-01  1.0914577136289e-01  1.1143153516123e-04
  2.3789062500000e+00  1.0997773014879e-01  1.0997818144898e-01  4.5130019010742e-07
  2.3867187500000e+00  1.1085362395097e-01  1.1081355817337e-01  4.0065777598547e-05
  2.3945312500000e+00  1.1162157519475e-01  1.1165187288996e-01  3.0297695204823e-05
  2.4023437500000e+00  1.1246444181214e-01  1.1249309646550e-01  2.8654653361299e-05
  2.4101562500000e+00  1.1333507409770e-01  1.1333719927952e-01  2.1251818134449e-06
  2.4179687500000e+00  1.1417903130968e-01  1.1418415122419e-01  5.1199145172653e-06
  2.4257812500000e+00  1.1504479358678e-01  1.1503392170447e-01  1.0871882304753e-05
  2.4335937500000e+00  1.1588057870304e-01  1.1588647963812e-01  5.9009350837774e-06
  2.4414062500000e+00  1.1672499912899e-01  1.1674179345594e-01  1.6794326951383e-05
  2.4492187500000e+00  1.1759368795368e-01  1.1759983110200e-01  6.1431483252827e-06
  2.4570312500000e+00  1.1842811727179e-01  1.1846056003399e-01  3.2442762202087e-05
  2.4648437500000e+00  1.1932449882987e-01  1.1932394722363e-01  5.5160623660400e-07
  2.4726562500000e+00  1.2019957633521e-01  1.2018995915716e-01  9.6171780565174e-06
  2.4804687500000e+00  1.2107156063620e-01  1.2105856183588e-01  1.2998800317895e-05
  2.4882812500000e+00  1.2187880605937e-01  1.2192972077685e-01  5.0914717478701e-05
  2.4960937500000e+00  1.2292892617542e-01  1.2280340101357e-01  1.2552516184182e-04
  2.5039062500000e+00  1.2367913574755e-01  1.2367956709682e-01  4.3134926441812e-07
  2.5117187500000e+00  1.2460331014263e-01  1.2455818309548e-01  4.5127047150817e-05
  2.5195312500000e+00  1.2540538733649e-01  1.2543921259758e-01  3.3825261092330e-05
  2.5273437500000e+00  1.2629044045428e-01  1.2632261871128e-01  3.2178257002025e-05
  2.5351562500000e+00  1.2720600633752e-01  1.2720836406602e-01  2.3577284962439e-06
  2.5429687500000e+00  1.2809079314585e-01  1.2809641081371e-01  5.6176678590869e-06
  2.5507812500000e+00  1.2899879126314e-01  1.2898672063005e-01  1.2070633087918e-05
  2.5585937500000e+00  1.2987270907590e-01  1.2987925471588e-01  6.5456399761243e-06
  2.5664062500000e+00  1.3075523310240e-01  1.3077397379860e-01  1.8740696207359e-05
  2.5742187500000e+00  1.3166403436145e-01  1.3167083813379e-01  6.8037723417180e-06
  2.5820312500000e+00  1.3253349842414e-01  1.3256980750673e-01  3.6309082586949e-05
  2.5898437500000e+00  1.3347159789802e-01  1.3347084123416e-01  7.5666386289974e-07
  2.5976562500000e+00  1.3438440884320e-01  1.3437389816606e-01  1.0510677142028e-05
  2.6054687500000e+00  1.3529361449506e-01  1.3527893668749e-01  1.4677807572250e-05
  2.6132812500000e+00  1.3612890887897e-01  1.3618591472056e-01  5.7005841590657e-05
  2.6210937500000e+00  1.3723508678570e-01  1.3709478972649e-01  1.4029705921717e-04
  2.6289062500000e+00  1.3800512478179e-01  1.3800551870766e-01  3.9392587294906e-07
  2.6367187500000e+00  1.3896849027080e-01  1.3891805820990e-01  5.0432060895333e-05
  2.6445312500000e+00  1.3979489294026e-01  1.3983236432472e-01  3.7471384464277e-05
  2.6523437500000e+00  1.4071254074265e-01  1.4074839269169e-01  3.5851949041071e-05
  2.6601562500000e+00  1.4166350474569e-01  1.4166609850093e-01  2.5937552403654e-06
  2.6679687500000e+00  1.4257932515184e-01  1.4258543649561e-01  6.1113437691551e-06
  2.6757812500000e+00  1.4351965529858e-01  1.4350636097462e-01  1.3294323962826e-05
  2.6835937500000e+00  1.4442162110486e-01  1.4442882579525e-01  7.2046903840106e-06
  2.6914062500000e+00  1.4533203628722e-01  1.4535278437601e-01  2.0748088788325e-05
  2.6992187500000e+00  1.4627071339612e-01  1.4627818969951e-01  7.4763033888481e-06
  2.7070312500000e+00  1.4716467704764e-01  1.4720499431542e-01  4.0317267770790e-05
  2.7148437500000e+00  1.4813414233645e-01  1.4813315034352e-01  9.9199293229768e-07
  2.7226562500000e+00  1.4907400362434e-01  1.4906260947687e-01  1.1394147474864e-05
  2.7304687500000e+00  1.5000976205794e-01  1.4999332298500e-01  1.6439072938690e-05
  2.7382812500000e+00  1.5086191599590e-01  1.5092524171724e-01  6.3325721337826e-05
  2.7460937500000e+00  1.5201389863978e-01  1.5185831610610e-01  1.5558253367998e-04
  2.7539062500000e+00  1.5279215793597e-01  1.5279249617076e-01  3.3823479078654e-07
  2.7617187500000e+00  1.5378365300294e-01  1.5372773152065e-01  5.5921482285670e-05
  2.7695312500000e+00  1.5462278571725e-01  1.5466397135907e-01  4.1185641811742e-05
  2.7773437500000e+00  1.5556152903674e-01  1.5560116448691e-01  3.9635450175796e-05
  2.7851562500000e+00  1.5653642782584e-01  1.5653925930654e-01  2.8314807005159e-06
  2.7929687500000e+00  1.5747160945329e-01  1.5747820382563e-01  6.5943723447370e-06
  2.8007812500000e+00  1.5843247255106e-01  1.5841794566120e-01  1.4526889866334e-05
  2.8085937500000e+00  1.5935056821254e-01  1.5935843204363e-01  7.8638310923029e-06
  2.8164062500000e+00  1.6027681766619e-01  1.6029960982088e-01  2.2792154686785e-05
  2.8242187500000e+00  1.6123327113261e-01  1.6124142546267e-01  8.1543300665954e-06
  2.8320312500000e+00  1.6213940631706e-01  1.6218382506484e-01  4.4418747783437e-05
  2.8398437500000e+00  1.6312801330025e-01  1.6312675435372e-01  1.2589465338275e-06
  2.8476562500000e+00  1.6408240891969e-01  1.6407015869063e-01  1.2250229058347e-05
  2.8554687500000e+00  1.6503224688945e-01  1.6501398307646e-01  1.8263812983810e-05
  2.8632812500000e+00  1.6588837900093e-01  1.6595817215631e-01  6.9793155372672e-05
  2.8710937500000e+00  1.6707385660837e-01  1.6690267022418e-01  1.7118638418312e-04
  2.8789062500000e+00  1.6784716113376e-01  1.6784742122787e-01  2.6009410414307e-07
  2.8867187500000e+00  1.6885389374985e-01  1.6879236877376e-01  6.1524976094213e-05
  2.8945312500000e+00  1.6969253928169e-01  1.6973745613188e-01  4.4916850189314e-05
  2.9023437500000e+00  1.7063915267548e-01  1.7068262624090e-01  4.3473565426139e-05
  2.9101562500000e+00  1.7162475602197e-01  1.7162782171329e-01  3.0656913183880e-06
  2.9179687500000e+00  1.7256592677595e-01  1.7257298484050e-01  7.0580645455676e-06
  2.9257812500000e+00  1.7353380805169e-01  1.7351805759827e-01  1.5750453420227e-05
  2.9335937500000e+00  1.7445446362596e-01  1.7446298165200e-01  8.5180260407103e-06
  2.9414062500000e+00  1.7538285698836e-01  1.7540769836215e-01  2.4841373784334e-05
  2.9492187500000e+00  1.7634332380997e-01  1.7635214878980e-01  8.8249798353424e-06
  2.9570312500000e+00  1.7724771834974e-01  1.7729627370223e-01  4.8555352489127e-05
  2.9648437500000e+00  1.7824157007186e-01  1.7824001357858e-01  1.5564932760725e-06
  2.9726562500000e+00  1.7919637514111e-01  1.7918330861560e-01  1.3066525510502e-05
  2.9804687500000e+00  1.8014622820570e-01  1.8012609873345e-01  2.0129472251745e-05
  2.9882812500000e+00  1.8099200371574e-01  1.8106832358162e-01  7.6319865879887e-05
  2.9960937500000e+00  1.8219680656749e-01  1.8200992254486e-01  1.8688402262945e-04
  3.0039062500000e+00  1.8295067394804e-01  1.8295083474925e-01  1.6080120202044e-07
  3.0117187500000e+00  1.8395816257022e-01  1.8389099906825e-01  6.7163501973361e-05
  3.0195312500000e+00  1.8478174956024e-01  1.8483035412895e-01  4.8604568701760e-05
  3.0273437500000e+00  1.8572152132699e-01  1.8576883831823e-01  4.7316991236335e-05
  3.0351562500000e+00  1.8670309855812e-01  1.8670638978915e-01  3.2912310336253e-06
  3.0429687500000e+00  1.8763545732316e-01  1.8764294646728e-01  7.4891441282088e-06
  3.0507812500000e+00  1.8859538848040e-01  1.8857844605718e-01  1.6942423216565e-05
  3.0585937500000e+00  1.8950367299802e-01  1.8951282604888e-01  9.1530508603832e-06
  3.0664062500000e+00  1.9041916141804e-01  1.9044602372450e-01  2.6862306464315e-05
  3.0742187500000e+00  1.9136850206237e-01  1.9137797616486e-01  9.4741024930511e-06
  3.0820312500000e+00  1.9225595547502e-01  1.9230862025622e-01  5.2664781198447e-05
  3.0898437500000e+00  1.9323977410084e-01  1.9323789269701e-01  1.8814038307835e-06
  3.0976562500000e+00  1.9417955192835e-01  1.9416573000472e-01  1.3821923635277e-05
  3.1054687500000e+00  1.9511407449589e-01  1.9509206852272e-01  2.2005973169648e-05
  3.1132812500000e+00  1.9593404323283e-01  1.9601684442729e-01  8.2801194462218e-05
  3.1210937500000e+00  1.9714242404129e-01  1.9693999373458e-01  2.0243030671807e-04
  3.1289062500000e+00  1.9786141394087e-01  1.9786145230768e-01  3.8366813615021e-08
  3.1367187500000e+00  1.9885390458540e-01  1.9878115586379e-01  7.2748721610838e-05
  3.1445312500000e+00  1.9964685576324e-01  1.9969903998136e-01  5.2184218120255e-05
  3.1523437500000e+00  2.0056394620361e-01  2.0061504010734e-01  5.1093903727650e-05
  3.1601562500000e+00  2.0152558641613e-01  2.0152909156447e-01  3.5051483485704e-06
  3.1679687500000e+00  2.0243324707456e-01  2.0244112955864e-01  7.8824840836766e-06
  3.1757812500000e+00  2.0336916950481e-01  2.0335108918625e-01  1.8080318556934e-05
  3.1835937500000e+00  2.0424914675866e-01  2.0425890544169e-01  9.7586830360707e-06
  3.1914062500000e+00  2.0513569077509e-01  2.0516451322482e-01  2.8822449727517e-05
  3.1992187500000e+00  2.0605775241797e-01  2.0606784734850e-01  1.0094930531501e-05
  3.2070312500000e+00  2.0691216945298e-01  2.0696884254621e-01  5.6673093228182e-05
  3.2148437500000e+00  2.0786966402802e-01  2.0786743347964e-01  2.2305483738105e-06
  3.2226562500000e+00  2.0877805463227e-01  2.0876355474643e-01  1.4499885838515e-05
  3.2304687500000e+00  2.0968100398224e-01  2.0965714088783e-01  2.3863094408993e-05
  3.2382812500000e+00  2.1045899959294e-01  2.1054812639650e-01  8.9126803559186e-05
  3.2460937500000e+00  2.1165400237651e-01  2.1143644572431e-01  2.1755665219858e-04
  3.2539062500000e+00  2.1232214118569e-01  2.1232203329019e-01  1.0789549925727e-07
  3.2617187500000e+00  2.1328300647977e-01  2.1320482348799e-01  7.8182991772147e-05
  3.2695312500000e+00  2.1402915947155e-01  2.1408475069444e-01  5.5591222891921e-05
  3.2773437500000e+00  2.1490700368901e-01  2.1496174927706e-01  5.4745588046773e-05
  3.2851562500000e+00  2.1583205109501e-01  2.1583575360218e-01  3.7025071638330e-06
  3.2929687500000e+00  2.1669847073948e-01  2.1670669804295e-01  8.2273034708313e-06
  3.3007812500000e+00  2.1759366134335e-01  2.1757451698742e-01  1.9144355923983e-05
  3.3085937500000e+00  2.1842882167860e-01  2.1843914484659e-01  1.0323167993098e-05
  3.3164062500000e+00  2.1926983345355e-01  2.1930051606255e-01  3.0682609002741e-05
  3.3242187500000e+00  2.2014789350924e-01  2.2015856511659e-01  1.0671607348578e-05
  3.3320312500000e+00  2.2095271636041e-01  2.2101322653741e-01  6.0510177006923e-05
  3.3398437500000e+00  2.2186703560162e-01  2.2186443490930e-01  2.6006923168620e-06
  3.3476562500000e+00  2.2272721398641e-01  2.2271212488033e-01  1.5089106085359e-05
  3.3554687500000e+00  2.2358190454312e-01  2.2355623117061e-01  2.5673372505419e-05
  3.3632812500000e+00  2.2430150173730e-01  2.2439668858057e-01  9.5186843269340e-05
  3.3710937500000e+00  2.2546541956366e-01  2.2523343199918e-01  2.3198756447873e-04
  3.3789062500000e+00  2.2606667245130e-01  2.2606639641232e-01  2.7603898494766e-07
  3.3867187500000e+00  2.2697888709820e-01  2.2689551691102e-01  8.3370187184045e-05
  3.3945312500000e+00  2.2766196557791e-01  2.2772072869983e-01  5.8763121915106e-05
  3.4023437500000e+00  2.2848376578375e-01  2.2854196710516e-01  5.8201321405105e-05
  3.4101562500000e+00  2.2935528823683e-01  2.2935916758361e-01  3.8793467794229e-06
  3.4179687500000e+00  2.3016375150628e-01  2.3017226573036e-01  8.5142240753844e-06
  3.4257812500000e+00  2.3100130868233e-01  2.3098119728750e-01  2.0111394826022e-05
  3.4335937500000e+00  2.3177506496089e-01  2.3178589815247e-01  1.0833191584542e-05
  3.4414062500000e+00  2.3255389755334e-01  2.3258630438638e-01  3.2406833031101e-05
  3.4492187500000e+00  2.3337115651578e-01  2.3338235222243e-01  1.1195706649175e-05
  3.4570312500000e+00  2.3410987416006e-01  2.3417397807431e-01  6.4103914250935e-05
  3.4648437500000e+00  2.3496410002121e-01  2.3496111854459e-01  2.9814766231984e-06
  3.4726562500000e+00  2.3575928200763e-01  2.3574371043307e-01  1.5571574554896e-05
  3.4804687500000e+00  2.3654908902863e-01  2.3652169074526e-01  2.7398283370339e-05
  3.4882812500000e+00  2.3719413421491e-01  2.3729499670065e-01  1.0086248574182e-04
  3.4960937500000e+00  2.3830901173368e-01  2.3806356574120e-01  2.4544599247867e-04
  3.5039062500000e+00  2.3882780075094e-01  2.3882733553966e-01  4.6521127830546e-07
  3.5117187500000e+00  2.3967445140495e-01  2.3958624400795e-01  8.8207396998330e-05
  3.5195312500000e+00  2.4027859926532e-01  2.4034022930550e-01  6.1630040172261e-05
  3.5273437500000e+00  2.4102783872652e-01  2.4108922984763e-01  6.1391121103038e-05
  3.5351562500000e+00  2.4182915158748e-01  2.4183318431387e-01  4.0327263907125e-06
  3.5429687500000e+00  2.4256329430321e-01  2.4257203165628e-01  8.7373530759938e-06
  3.5507812500000e+00  2.4332667020536e-01  2.4330571110775e-01  2.0959097608186e-05
  3.5585937500000e+00  2.4402288456269e-01  2.4403416219029e-01  1.1277627603917e-05
  3.5664062500000e+00  2.4472336319094e-01  2.4475732472331e-01  3.3961532368870e-05
  3.5742187500000e+00  2.4546348663180e-01  2.4547513883183e-01  1.1652200026691e-05
  3.5820312500000e+00  2.4612016376746e-01  2.4618754495476e-01  6.7381187305759e-05
  3.5898437500000e+00  2.4689785694975e-01  2.4689448385306e-01  3.3730966839951e-06
  3.5976562500000e+00  2.4761183889818e-01  2.4759589661793e-01  1.5942280247816e-05
  3.6054687500000e+00  2.4832072970879e-01  2.4829172467897e-01  2.9005029822365e-05
  3.6132812500000e+00  2.4887587342912e-01  2.4898190981227e-01  1.0603638315401e-04
  3.6210937500000e+00  2.4992405186590e-01  2.4966639414854e-01  2.5765771735872e-04
  3.6289062500000e+00  2.5034579467015e-01  2.5034512018113e-01  6.7448901652778e-07
  3.6367187500000e+00  2.5111063157042e-01  2.5101803077411e-01  9.2600796312348e-05
  3.6445312500000e+00  2.5162093611061e-01  2.5168506917019e-01  6.4133059586358e-05
  3.6523437500000e+00  2.5228192908293e-01  2.5234617899875e-01  6.4249915820602e-05
  3.6601562500000e+00  2.5299714585945e-01  2.5300130428369e-01  4.1584242415627e-06
  3.6679687500000e+00  2.5364150025328e-01  2.5365038945135e-01  8.8891980794537e-06
  3.6757812500000e+00  2.5431505386857e-01  2.5429337933836e-01  2.1674530212179e-05
  3.6835937500000e+00  2.5491856940113e-01  2.5493021919938e-01  1.1649798251800e-05
  3.6914062500000e+00  2.5552554174039e-01  2.5556085471489e-01  3.5312974503543e-05
  3.6992187500000e+00  2.5617319703532e-01  2.5618523199891e-01  1.2034963582708e-05
  3.7070312500000e+00  2.5673302469691e-01  2.5680329760660e-01  7.0272909688751e-05
  3.7148437500000e+00  2.5741875909424e-01  2.5741499854194e-01  3.7605523030559e-06
  3.7226562500000e+00  2.5803646465729e-01  2.5802028226523e-01  1.6182392059194e-05
  3.7304687500000e+00  2.5864955855537e-01  2.5861909670065e-01  3.0461854722386e-05
  3.7382812500000e+00  2.5910078629143e-01  2.5921139024366e-01  1.1060395223539e-04
  3.7460937500000e+00  2.6006547933792e-01  2.5979711176845e-01  2.6836756947390e-04
  3.7539062500000e+00  2.6037710870183e-01  2.6037621063525e-01  8.9806658154501e-07
  3.7617187500000e+00  2.6104509163070e-01  2.6094863669764e-01  9.6454933061818e-05
  3.7695312500000e+00  2.6144811981110e-01  2.6151434030976e-01  6.6220498654734e-05
  3.7773437500000e+00  2.6200655024978e-01  2.6207327233348e-01  6.6722083698290e-05
  3.7851562500000e+00  2.6262113612540e-01  2.6262538414554e-01  4.2480201384310e-06
  3.7929687500000e+00  2.6316165644545e-01  2.6317062764452e-01  8.9711990669539e-06
  3.8007812500000e+00  2.6373119092294e-01  2.6370895525788e-01  2.2235665059100e-05
  3.8085937500000e+00  2.6422837980283e-01  2.6424031994887e-01  1.1940146037670e-05
  3.8164062500000e+00  2.6472824587902e-01  2.6476467522331e-01  3.6429344291045e-05
  3.8242187500000e+00  2.6526964062436e-01  2.6528197513646e-01  1.2334512095979e-05
  3.8320312500000e+00  2.6571945934567e-01  2.6579217429962e-01  7.2714953948783e-05
  3.8398437500000e+00  2.6629937232727e-01  2.6629522788686e-01  4.1444404147994e-06
  3.8476562500000e+00  2.6680738544528e-01  2.6679109164150e-01  1.6293803778933e-05
  3.8554687500000e+00  2.6731145672196e-01  2.6727972188265e-01  3.1734839309738e-05
  3.8632812500000e+00  2.6764661099768e-01  2.6776107551160e-01  1.1446451391339e-04
  3.8710937500000e+00  2.6851244743337e-01  2.6823511001813e-01  2.7733741523450e-04
  3.8789062500000e+00  2.6870291391164e-01  2.6870178348681e-01  1.1304248268562e-06
  3.8867187500000e+00  2.6926074017708e-01  2.6916105460312e-01  9.9685573959118e-05
  3.8945312500000e+00  2.6954504334072e-01  2.6961288265960e-01  6.7839318888041e-05
  3.9023437500000e+00  2.6998848283256e-01  2.7005722756182e-01  6.8744729255166e-05
  3.9101562500000e+00  2.7048974059977e-01  2.7049404983430e-01  4.3092345252127e-06
  3.9179687500000e+00  2.7091433664670e-01  2.7092331062639e-01  8.9739796953481e-06
  3.9257812500000e+00  2.7136760547041e-01  2.7134497171802e-01  2.2633752381207e-05
  3.9335937500000e+00  2.7174685732505e-01  2.7175899552535e-01  1.2138200299439e-05
  3.9414062500000e+00  2.7212805923629e-01  2.7216534510633e-01  3.7285870040815e-05
  3.9492187500000e+00  2.7255143936188e-01  2.7256398416628e-01  1.2544804403325e-05
  3.9570312500000e+00  2.7288021977307e-01  2.7295487706318e-01  7.4657290112468e-05
  3.9648437500000e+00  2.7334249923106e-01  2.7333798881307e-01  4.5104179929867e-06
  3.9726562500000e+00  2.7372955413619e-01  2.7371328509521e-01  1.6269040977790e-05
  3.9804687500000e+00  2.7411352797120e-01  2.7408073225723e-01  3.2795713964751e-05
  3.9882812500000e+00  2.7432276375139e-01  2.7444029732017e-01  1.1753356877742e-04
  3.9960937500000e+00  2.7507631916413e-01  2.7479194798336e-01  2.8437118077740e-04
  4.0039062500000e+00  2.7513702672326e-01  2.7513565262932e-01  1.3740939464046e-06
  4.0117187500000e+00  2.7557360480389e-01  2.7547138032845e-01  1.0222447543845e-04
  4.0195312500000e+00  2.7573013938615e-01  2.7579910084370e-01  6.8961457551253e-05
  4.0273437500000e+00  2.7604850528630e-01  2.7611878463509e-01  7.0279348792723e-05
  4.0351562500000e+00  2.7642607084811e-01  2.7643040286415e-01  4.3320160406091e-06
  4.0429687500000e+00  2.7672502836699e-01  2.7673392739824e-01  8.8990312540616e-06
  4.0507812500000e+00  2.7705218477121e-01  2.7702933081483e-01  2.2853956372970e-05
  4.0585937500000e+00  2.7730434456401e-01  2.7731658640558e-01  1.2241841569893e-05
  4.0664062500000e+00  2.7755780067329e-01  2.7759566818039e-01  3.7867507103051e-05
  4.0742187500000e+00  2.7785389220580e-01  2.7786655087130e-01  1.2658665505483e-05
  4.0820312500000e+00  2.7805315943795e-01  2.7812920993633e-01  7.6050498374891e-05
  4.0898437500000e+00  2.7838847308264e-01  2.7838362156315e-01  4.8515194904786e-06
  4.0976562500000e+00  2.7864587260779e-01  2.7862976267273e-01  1.6109935065733e-05
  4.1054687500000e+00  2.7890123817016e-01  2.7886761092275e-01  3.3627247404355e-05
  4.1132812500000e+00  2.7897740796537e-01  2.7909714471108e-01  1.1973674570515e-04
  4.1210937500000e+00  2.7960765167747e-01  2.7931834317895e-01  2.8930849851605e-04
  4.1289062500000e+00  2.7953280227214e-01  2.7953118621420e-01  1.6160579467406e-06
  4.1367187500000e+00  2.7983966362767e-01  2.7973565445423e-01  1.0400917344155e-04
  4.1445312500000e+00  2.7986217437549e-01  2.7993172928904e-01  6.9554913552261e-05
  4.1523437500000e+00  2.8004810442644e-01  2.8011939286398e-01  7.1288437540507e-05
  4.1601562500000e+00  2.8029430356070e-01  2.8029862808247e-01  4.3245217682952e-06
  4.1679687500000e+00  2.8046066541006e-01  2.8046941860863e-01  8.7531985759615e-06
  4.1757812500000e+00  2.8065464839298e-01  2.8063174886974e-01  2.2899523242914e-05
  4.1835937500000e+00  2.8077335507378e-01  2.8078560405857e-01  1.2248984797181e-05
  4.1914062500000e+00  2.8089281435583e-01  2.8093097013572e-01  3.8155779885640e-05
  4.1992187500000e+00  2.8105515878792e-01  2.8106783383165e-01  1.2675043736476e-05
  4.2070312500000e+00  2.8111931485349e-01  2.8119618264879e-01  7.6867795299473e-05
  4.2148437500000e+00  2.8132116820142e-01  2.8131600486339e-01  5.1633380356297e-06
  4.2226562500000e+00  2.8144310899410e-01  2.8142728952730e-01  1.5819466800016e-05
  4.2304687500000e+00  2.8156422925343e-01  2.8153002646968e-01  3.4202783758930e-05
  4.2382812500000e+00  2.8150317904634e-01  2.8162420629850e-01  1.2102725216162e-04
  4.2460937500000e+00  2.8200185467924e-01  2.8170982040203e-01  2.9203427721497e-04
  4.2539062500000e+00  2.8178871692773e-01  2.8178686095008e-01  1.8559776516769e-06
  4.2617187500000e+00  2.8196032461563e-01  2.8185532089525e-01  1.0500372037997e-04
  4.2695312500000e+00  2.8184558924027e-01  2.8191519397397e-01  6.9604733699657e-05
  4.2773437500000e+00  2.8189472798948e-01  2.8196647470750e-01  7.1746718024401e-05
  4.2851562500000e+00  2.8200487989748e-01  2.8200915840271e-01  4.2785052305483e-06
  4.2929687500000e+00  2.8203471117620e-01  2.8204324115283e-01  8.5299766265923e-06
  4.3007812500000e+00  2.8209148331819e-01  2.8206871983803e-01  2.2763480160837e-05
  4.3085937500000e+00  2.8207343082523e-01  2.8208559212592e-01  1.2161300693536e-05
  4.3164062500000e+00  2.8205570838590e-01  2.8209385647188e-01  3.8148085983125e-05
  4.3242187500000e+00  2.8208091924036e-01  2.8209351211930e-01  1.2592878941231e-05
  4.3320312500000e+00  2.8200747577844e-01  2.8208455909970e-01  7.7083321266769e-05
  4.3398437500000e+00  2.8207243164282e-01  2.8206699823275e-01  5.4334100680342e-06
  4.3476562500000e+00  2.8205623566888e-01  2.8204083112608e-01  1.5404542793196e-05
  4.3554687500000e+00  2.8204057273873e-01  2.8200606017512e-01  3.4512563604594e-05
  4.3632812500000e+00  2.8184131518892e-01  2.8196268856265e-01  1.2137337373802e-04
  4.3710937500000e+00  2.8220320396610e-01  2.8191072025839e-01  2.9248370770640e-04
  4.3789062500000e+00  2.8185224465882e-01  2.8185016001833e-01  2.0846404974462e-06
  4.3867187500000e+00  2.8188619612239e-01  2.8178101338404e-01  1.0518273835547e-04
  4.3945312500000e+00  2.8163417007555e-01  2.8170328668183e-01  6.9116606278341e-05
  4.4023437500000e+00  2.8154533955965e-01  2.8161698702177e-01  7.1647462115465e-05
  4.4101562500000e+00  2.8151792567053e-01  2.8152212229660e-01  4.1966260659887e-06
  4.4179687500000e+00  2.8141045750418e-01  2.8141870118054e-01  8.2436763585436e-06
  4.4257812500000e+00  2.8132918454262e-01  2.8130673312798e-01  2.2451414641300e-05
  4.4335937500000e+00  2.8117424711795e-01  2.8118622837201e-01  1.1981254058324e-05
  4.4414062500000e+00  2.8101935743294e-01  2.8105719792287e-01  3.7840489928109e-05
  4.4492187500000e+00  2.8090724281390e-01  2.8091965356628e-01  1.2410752382619e-05
  4.4570312500000e+00  2.8069690666073e-01  2.8077360786167e-01  7.6701200943219e-05
  4.4648437500000e+00  2.8062472995120e-01  2.8061907414022e-01  5.6558109811089e-06
  4.4726562500000e+00  2.8047094361552e-01  2.8045606650285e-01  1.4877112672174e-05
  4.4804687500000e+00  2.8031914435548e-01  2.8028459981810e-01  3.4544537377446e-05
  4.4882812500000e+00  2.7998392324771e-01  2.8010468971983e-01  1.2076647211934e-04
  4.4960937500000e+00  2.8020700399813e-01  2.7991635260489e-01  2.9065139323287e-04
  4.5039062500000e+00  2.7972190648126e-01  2.7971960563059e-01  2.3008506712108e-06
  4.5117187500000e+00  2.7961900627267e-01  2.7951446671210e-01  1.0453956056983e-04
  4.5195312500000e+00  2.7923285775270e-01  2.7930095451976e-01  6.8096767054104e-05
  4.5273437500000e+00  2.7900810121740e-01  2.7907908847621e-01  7.0987258808775e-05
  4.5351562500000e+00  2.7884480590327e-01  2.7884888875348e-01  4.0828502079204e-06
  4.5429687500000e+00  2.7860247783162e-01  2.7861037626990e-01  7.8984382760883e-06
  4.5507812500000e+00  2.7838554057428e-01  2.7836357268697e-01  2.1967887313068e-05
  4.5585937500000e+00  2.7809679393462e-01  2.7810850040604e-01  1.1706471416351e-05
  4.5664062500000e+00  2.7780794038664e-01  2.7784518256496e-01  3.7242178318297e-05
  4.5742187500000e+00  2.7756150066192e-01  2.7757364303455e-01  1.2142372626311e-05
  4.5820312500000e+00  2.7721818387672e-01  2.7729390641502e-01  7.5722538296796e-05
  4.5898437500000e+00  2.7701183211992e-01  2.7700599803222e-01  5.8340876964991e-06
  4.5976562500000e+00  2.7672419113371e-01  2.7670994393388e-01  1.4247199834783e-05
  4.6054687500000e+00  2.7644007574475e-01  2.7640577088560e-01  3.4304859150069e-05
  4.6132812500000e+00  2.7597428183340e-01  2.7609350636690e-01  1.1922453349489e-04
  4.6210937500000e+00  2.7605975413294e-01  2.7577317856702e-01  2.8657556591377e-04
  4.6289062500000e+00  2.7544731306338e-01  2.7544481638073e-01  2.4966826535633e-06
  4.6367187500000e+00  2.7521154328757e-01  2.7510844940392e-01  1.0309388365426e-04
  4.6445312500000e+00  2.7469753643192e-01  2.7476410792923e-01  6.6571497311152e-05
  4.6523437500000e+00  2.7434203499056e-01  2.7441182294145e-01  6.9787950889855e-05
  4.6601562500000e+00  2.7404768675897e-01  2.7405162611291e-01  3.9393539429389e-06
  4.6679687500000e+00  2.7367604811096e-01  2.7368354979870e-01  7.5016877360001e-06
  4.6757812500000e+00  2.7332895171388e-01  2.7330762703185e-01  2.1324682033141e-05
  4.6835937500000e+00  2.7291254104933e-01  2.7292389151838e-01  1.1350469044769e-05
  4.6914062500000e+00  2.7249601512025e-01  2.7253237763227e-01  3.6362512023269e-05
  4.6992187500000e+00  2.7212133352869e-01  2.7213312041033e-01  1.1786881641385e-05
  4.7070312500000e+00  2.7165198165481e-01  2.7172615554698e-01  7.4173892173013e-05
  4.7148437500000e+00  2.7131747351779e-01  2.7131151938891e-01  5.9541288775500e-06
  4.7226562500000e+00  2.7090277910606e-01  2.7088924892969e-01  1.3530176363019e-05
  4.7304687500000e+00  2.7049317881815e-01  2.7045938180428e-01  3.3797013872128e-05
  4.7382812500000e+00  2.6990517375895e-01  2.7002195628340e-01  1.1678252444663e-04
  4.7460937500000e+00  2.6985736230189e-01  2.6957701126791e-01  2.8035103397539e-04
  4.7539062500000e+00  2.6912725300656e-01  2.6912458628301e-01  2.6667235503153e-06
  4.7617187500000e+00  2.6876559636227e-01  2.6866472147239e-01  1.0087488987875e-04
  4.7695312500000e+00  2.6813288871495e-01  2.6819745759231e-01  6.4568877360838e-05
  4.7773437500000e+00  2.6765476075414e-01  2.6772283600558e-01  6.8075251434263e-05
  4.7851562500000e+00  2.6723712689579e-01  2.6724089867544e-01  3.7717796537717e-06
  4.7929687500000e+00  2.6674463241957e-01  2.6675168815942e-01  7.0557398521021e-06
  4.8007812500000e+00  2.6627579016817e-01  2.6625524760305e-01  2.0542565126125e-05
  4.8085937500000e+00  2.6574070262336e-01  2.6575162073351e-01  1.0918110144920e-05
  4.8164062500000e+00  2.6520561799607e-01  2.6524085185326e-01  3.5233857188288e-05
  4.8242187500000e+00  2.6471163749562e-01  2.6472298583350e-01  1.1348337878747e-05
  4.8320312500000e+00  2.6412597714211e-01  2.6419806810764e-01  7.2090965526295e-05
  4.8398437500000e+00  2.6367215884973e-01  2.6366614466465e-01  6.0141850863338e-06
  4.8476562500000e+00  2.6314000088930e-01  2.6312726204234e-01  1.2738846964566e-05
  4.8554687500000e+00  2.6261449648240e-01  2.6258146732059e-01  3.3029161809472e-05
  4.8632812500000e+00  2.6191531706446e-01  2.6202880811451e-01  1.1349105005126e-04
  4.8710937500000e+00  2.6174145777192e-01  2.6146933256751e-01  2.7212520440345e-04
  4.8789062500000e+00  2.6090590114413e-01  2.6090308934432e-01  2.8117998155941e-06
  4.8867187500000e+00  2.6042806324959e-01  2.6033012762393e-01  9.7935625658130e-05
  4.8945312500000e+00  2.5968835394526e-01  2.5975049709252e-01  6.2143147260885e-05
  4.9023437500000e+00  2.5909836289653e-01  2.5916424793625e-01  6.5885039713831e-05
  4.9101562500000e+00  2.5856785489666e-01  2.5857143083403e-01  3.5759373622768e-06
  4.9179687500000e+00  2.5796551462732e-01  2.5797209695024e-01  6.5823229254969e-06
  4.9257812500000e+00  2.5738592633171e-01  2.5736629792740e-01  1.9628404309358e-05
  4.9335937500000e+00  2.5674366893153e-01  2.5675408587872e-01  1.0416947187508e-05
  4.9414062500000e+00  2.5610164517042e-01  2.5613551338067e-01  3.3868210250143e-05
  4.9492187500000e+00  2.5549978600477e-01  2.5551063346547e-01  1.0847460705177e-05
  4.9570312500000e+00  2.5480998054408e-01  2.5487949961352e-01  6.9519069444135e-05
  4.9648437500000e+00  2.5424818447293e-01  2.5424216574578e-01  6.0187271476164e-06
  4.9726562500000e+00  2.5361057733118e-01  2.5359868621610e-01  1.1891115073215e-05
  4.9804687500000e+00  2.5298113834862e-01  2.5294911580356e-01  3.2022545065069e-05
  4.9882812500000e+00  2.5218407784381e-01  2.5229350970464e-01  1.0943186082424e-04
  4.9960937500000e+00  2.5189399990812e-01  2.5163192352548e-01  2.6207638263520e-04
  5.0039062500000e+00  2.5096733533919e-01  2.5096441327403e-01  2.9220651537321e-06
  5.0117187500000e+00  2.5038537729012e-01  2.5029103535215e-01  9.4341937962150e-05
  5.0195312500000e+00  2.4955250658388e-01  2.4961184654770e-01  5.9339963822569e-05
  5.0273437500000e+00  2.4886363452421e-01  2.4892690402657e-01  6.3269502363822e-05
  5.0351562500000e+00  2.4823289489223e-01  2.4823626532471e-01  3.3704324783057e-06
  5.0429687500000e+00  2.4753390382954e-01  2.4753998834009e-01  6.0845105477880e-06
  5.0507812500000e+00  2.4685674154905e-01  2.4683813132461e-01  1.8610224431892e-05
  5.0585937500000e+00  2.4612089109499e-01  2.4613075287607e-01  9.8617810804502e-06
  5.0664062500000e+00  2.4538560918668e-01  2.4541791192998e-01  3.2302743302765e-05
  5.0742187500000e+00  2.4468938164190e-01  2.4469966775144e-01  1.0286109537433e-05
  5.0820312500000e+00  2.4390956478127e-01  2.4397607992696e-01  6.6515145690005e-05
  5.0898437500000e+00  2.4325317716533e-01  2.4324720835627e-01  5.9688090594257e-06
  5.0976562500000e+00  2.4252411970133e-01  2.4251311324405e-01  1.1006457282192e-05
  5.1054687500000e+00  2.4180465729724e-01  2.4177385509173e-01  3.0802205510272e-05
  5.1132812500000e+00  2.4092480292152e-01  2.4102949468919e-01  1.0469176766637e-04
  5.1210937500000e+00  2.4053052484076e-01  2.4028009310647e-01  2.5043173428591e-04
  5.1289062500000e+00  2.3952871322936e-01  2.3952571168551e-01  3.0015438465258e-06
  5.1367187500000e+00  2.3885658329653e-01  2.3876641203175e-01  9.0171264778616e-05
  5.1445312500000e+00  2.3794602950665e-01  2.3800225600586e-01  5.6226499208611e-05
  5.1523437500000e+00  2.3717302465762e-01  2.3723330571536e-01  6.0281057746248e-05
  5.1601562500000e+00  2.3645648232257e-01  2.3645962350629e-01  3.1411837220496e-06
  5.1679687500000e+00  2.3567569754191e-01  2.3568127195479e-01  5.5744128771296e-06
  5.1757812500000e+00  2.3491581816688e-01  2.3489831385878e-01  1.7504308094246e-05
  5.1835937500000e+00  2.3410154856123e-01  2.3411081222955e-01  9.2636683123870e-06
  5.1914062500000e+00  2.3328826169672e-01  2.3331883028335e-01  3.0568586626006e-05
  5.1992187500000e+00  2.3251275455076e-01  2.3252243143305e-01  9.6768822891724e-06
  5.2070312500000e+00  2.3165853608995e-01  2.3172167927971e-01  6.3143189757559e-05
  5.2148437500000e+00  2.3092250045168e-01  2.3091663760419e-01  5.8628474888800e-06
  5.2226562500000e+00  2.3011746975543e-01  2.3010737035879e-01  1.0099396633378e-05
  5.2304687500000e+00  2.2932333468277e-01  2.2929394165882e-01  2.9393023946417e-05
  5.2382812500000e+00  2.2837704407948e-01  2.2847641577423e-01  9.9371694754130e-05
  5.2460937500000e+00  2.2789229317064e-01  2.2765485712125e-01  2.3743604938953e-04
  5.2539062500000e+00  2.2683237409150e-01  2.2682933025399e-01  3.0438375096253e-06
  5.2617187500000e+00  2.2608541606292e-01  2.2599989985611e-01  8.5516206810854e-05
  5.2695312500000e+00  2.2511377312818e-01  2.2516663073244e-01  5.2857604258327e-05
  5.2773437500000e+00  2.2427259771757e-01  2.2432958780066e-01  5.6990083085462e-05
  5.2851562500000e+00  2.2348592689300e-01  2.2348883608296e-01  2.9091899657607e-06
  5.2929687500000e+00  2.2263938408089e-01  2.2264444069776e-01  5.0566168665056e-06
  5.3007812500000e+00  2.2181280337329e-01  2.2179646685135e-01  1.6336521933003e-05
  5.3085937500000e+00  2.2093634725800e-01  2.2094497982970e-01  8.6325717004732e-06
  5.3164062500000e+00  2.2006134266156e-01  2.2009004499014e-01  2.8702328579100e-05
  5.3242187500000e+00  2.1922269222282e-01  2.1923172775312e-01  9.0355303023759e-06
  5.3320312500000e+00  2.1831061723348e-01  2.1837009359405e-01  5.9476360572464e-05
  5.3398437500000e+00  2.1751091316635e-01  2.1750520803506e-01  5.7051312949696e-06
  5.3476562500000e+00  2.1664632371357e-01  2.1663713663685e-01  9.1870767218172e-06
  5.3554687500000e+00  2.1579377050256e-01  2.1576594499056e-01  2.7825511999507e-05
  5.3632812500000e+00  2.1479811267861e-01  2.1489169870963e-01  9.3586031018417e-05
  5.3710937500000e+00  2.1423782511476e-01  2.1401446342175e-01  2.2336169300288e-04
  5.3789062500000e+00  2.1313735614770e-01  2.1313430476079e-01  3.0513869097859e-06
  5.3867187500000e+00  2.1233175676145e-01  2.1225128835878e-01  8.0468402662348e-05
  5.3945312500000e+00  2.1131617321744e-01  2.1136547983793e-01  4.9306620484024e-05
  5.4023437500000e+00  2.1042348943748e-01  2.1047694480265e-01  5.3455365168376e-05
  5.4101562500000e+00  2.0958307968788e-01  2.0958574883168e-01  2.6691437950421e-06
  5.4179687500000e+00  2.0868740971119e-01  2.0869195747018e-01  4.5477589815657e-06
  5.4257812500000e+00  2.0781076320179e-01  2.0779563622187e-01  1.5126979919455e-05
  5.4335937500000e+00  2.0688887124860e-01  2.0689685054129e-01  7.9792926913347e-06
  5.4414062500000e+00  2.0596893010916e-01  2.0599566582596e-01  2.6735716794846e-05
  5.4492187500000e+00  2.0508377830311e-01  2.0509214740871e-01  8.3691056055601e-06
  5.4570312500000e+00  2.0413077424557e-01  2.0418636055002e-01  5.5586304443161e-05
  5.4648437500000e+00  2.0328387195417e-01  2.0327837043032e-01  5.5015238484835e-06
  5.4726562500000e+00  2.0237652867037e-01  2.0236824214248e-01  8.2865278893118e-06
  5.4804687500000e+00  2.0148217426032e-01  2.0145604068423e-01  2.6133576086440e-05
  5.4882812500000e+00  2.0045438395837e-01  2.0054183095067e-01  8.7446992295598e-05
  5.4960937500000e+00  1.9983415701892e-01  1.9962567772684e-01  2.0847929207848e-04
  5.5039062500000e+00  1.9871067331199e-01  1.9870764568033e-01  3.0276316631550e-06
  5.5117187500000e+00  1.9786292657018e-01  1.9778779935394e-01  7.5127216236648e-05
  5.5195312500000e+00  1.9682056848493e-01  1.9686620315838e-01  4.5634673446010e-05
  5.5273437500000e+00  1.9589316901173e-01  1.9594292136506e-01  4.9752353325522e-05
  5.5351562500000e+00  1.9501559052414e-01  1.9501801809888e-01  2.4275747371738e-06
  5.5429687500000e+00  1.9408750768928e-01  1.9409155733116e-01  4.0496418755032e-06
  5.5507812500000e+00  1.9317749826030e-01  1.9316360287250e-01  1.3895387793672e-05
  5.5585937500000e+00  1.9222689953322e-01  1.9223421836586e-01  7.3188326426277e-06
  5.5664062500000e+00  1.9127875480804e-01  1.9130346727953e-01  2.4712471493354e-05
  5.5742187500000e+00  1.9036372253804e-01  1.9037141290030e-01  7.6903622579783e-06
  5.5820312500000e+00  1.8938657418753e-01  1.8943811832659e-01  5.1544139067494e-05
  5.5898437500000e+00  1.8850890131943e-01  1.8850364646173e-01  5.2548576980616e-06
  5.5976562500000e+00  1.8757546695863e-01  1.8756806000721e-01  7.4069514205410e-06
  5.6054687500000e+00  1.8665577186007e-01  1.8663142145607e-01  2.4350404000256e-05
  5.6132812500000e+00  1.8561272253159e-01  1.8569379308631e-01  8.1070554721840e-05
  5.6210937500000e+00  1.8494830773742e-01  1.8475523695440e-01  1.9307078301281e-04
  5.6289062500000e+00  1.8381878515206e-01  1.8381581488882e-01  2.9702632344530e-06
  5.6367187500000e+00  1.8294518730229e-01  1.8287558848369e-01  6.9598818600025e-05
  5.6445312500000e+00  1.8189271048128e-01  1.8193461909245e-01  4.1908611171426e-05
  5.6523437500000e+00  1.8094702500759e-01  1.8099296782164e-01  4.5942814047517e-05
  5.6601562500000e+00  1.8004850644346e-01  1.8005069552472e-01  2.1890812611780e-06
  5.6679687500000e+00  1.7910428944999e-01  1.7910786279599e-01  3.5733459949894e-06
  5.6757812500000e+00  1.7817719325458e-01  1.7816452996452e-01  1.2663290065801e-05
  5.6835937500000e+00  1.7721409846130e-01  1.7722075708822e-01  6.6586269227842e-06
  5.6914062500000e+00  1.7625394291064e-01  1.7627660394799e-01  2.2661037348409e-05
  5.6992187500000e+00  1.7532511467364e-01  1.7533213004183e-01  7.0153681841212e-06
  5.7070312500000e+00  1.7433996982140e-01  1.7438739457917e-01  4.7424757767867e-05
  5.7148437500000e+00  1.7344743429373e-01  1.7344245647519e-01  4.9778185361449e-06
  5.7226562500000e+00  1.7250394041826e-01  1.7249737434523e-01  6.5660730345363e-06
  5.7304687500000e+00  1.7157471567900e-01  1.7155220649926e-01  2.2509179742974e-05
  5.7382812500000e+00  1.7053243774779e-01  1.7060701093648e-01  7.4573188695831e-05
  5.7460937500000e+00  1.6983925254641e-01  1.6966184533996e-01  1.7740720645301e-04
  5.7539062500000e+00  1.6871965007375e-01  1.6871676707132e-01  2.8830024276782e-06
  5.7617187500000e+00  1.6783580655260e-01  1.6777183316556e-01  6.3973387040339e-05
  5.7695312500000e+00  1.6678891415766e-01  1.6682710032595e-01  3.8186168291654e-05
  5.7773437500000e+00  1.6584052913122e-01  1.6588262491895e-01  4.2095787736535e-05
  5.7851562500000e+00  1.6493650389725e-01  1.6493846296927e-01  1.9590720195528e-06
  5.7929687500000e+00  1.6399154880322e-01  1.6399467015497e-01  3.1213517571738e-06
  5.8007812500000e+00  1.6306275183591e-01  1.6305130180268e-01  1.1450033231108e-05
  5.8085937500000e+00  1.6210240283537e-01  1.6210841288285e-01  6.0100474754132e-06
  5.8164062500000e+00  1.6114543746450e-01  1.6116605800511e-01  2.0620540603561e-05
  5.8242187500000e+00  1.6021794330382e-01  1.6022429141373e-01  6.3481099080998e-06
  5.8320312500000e+00  1.5923987390166e-01  1.5928316698313e-01  4.3293081477130e-05
  5.8398437500000e+00  1.5834741125351e-01  1.5834273821349e-01  4.6730400136141e-06
  5.8476562500000e+00  1.5740882492217e-01  1.5740305822642e-01  5.7666957502811e-06
  5.8554687500000e+00  1.5648482228858e-01  1.5646417976074e-01  2.0642527839954e-05
  5.8632812500000e+00  1.5545809595229e-01  1.5552615516834e-01  6.8059216048411e-05
  5.8710937500000e+00  1.5475078008375e-01  1.5458903641011e-01  1.6174367364072e-04
  5.8789062500000e+00  1.5365564647083e-01  1.5365287505196e-01  2.7714188670369e-06
  5.8867187500000e+00  1.5277606626713e-01  1.5271772226093e-01  5.8344006197170e-05
  5.8945312500000e+00  1.5174910400506e-01  1.5178362880136e-01  3.4524796292595e-05
  5.9023437500000e+00  1.5081237689412e-01  1.5085064503119e-01  3.8268137068143e-05
  5.9101562500000e+00  1.4991708457811e-01  1.4991882089829e-01  1.7363201860465e-06
  5.9179687500000e+00  1.4898550782075e-01  1.4898820593695e-01  2.6981161976580e-06
  5.9257812500000e+00  1.4806912158503e-01  1.4805884926432e-01  1.0272320703303e-05
  5.9335937500000e+00  1.4712541750427e-01  1.4713079957713e-01  5.3820728684872e-06
  5.9414062500000e+00  1.4618548944739e-01  1.4620410514831e-01  1.8615700911745e-05
  5.9492187500000e+00  1.4527311150120e-01  1.4527881382377e-01  5.7023225705222e-06
  5.9570312500000e+00  1.4431576016603e-01  1.4435497301933e-01  3.9212853300663e-05
  5.9648437500000e+00  1.4343697749826e-01  1.4343262971763e-01  4.3477806261349e-06
  5.9726562500000e+00  1.4251685014764e-01  1.4251183046515e-01  5.0196824913917e-06
  5.9804687500000e+00  1.4161140204067e-01  1.4159262136937e-01  1.8780671296403e-05
  5.9882812500000e+00  1.4061341936393e-01  1.4067504809597e-01  6.1628732044627e-05
  5.9960937500000e+00  1.3990546906276e-01  1.3975915586611e-01  1.4631319665293e-04
  6.0039062500000e+00  1.3884762516392e-01  1.3884498945380e-01  2.6357101177987e-06
  6.0117187500000e+00  1.3798539028685e-01  1.3793259318342e-01  5.2797103436142e-05
  6.0195312500000e+00  1.3699104013889e-01  1.3702201092718e-01  3.0970788290868e-05
  6.0273437500000e+00  1.3607876728111e-01  1.3611328610284e-01  3.4518821728613e-05
  6.0351562500000e+00  1.3520493481088e-01  1.3520646167136e-01  1.5268604827701e-06
  6.0429687500000e+00  1.3429927062778e-01  1.3430158013475e-01  2.3095069686951e-06
  6.0507812500000e+00  1.3340782720587e-01  1.3339868353393e-01  9.1436719482085e-06
  6.0585937500000e+00  1.3249303164892e-01  1.3249781344670e-01  4.7817977880948e-06
  6.0664062500000e+00  1.3158233620483e-01  1.3159901098584e-01  1.6674781006504e-05
  6.0742187500000e+00  1.3069723708246e-01  1.3070231679717e-01  5.0797147079784e-06
  6.0820312500000e+00  1.2977253067285e-01  1.2980777105784e-01  3.5240384988366e-05
  6.0898437500000e+00  1.2891942359323e-01  1.2891541347460e-01  4.0101186321029e-06
  6.0976562500000e+00  1.2802961389053e-01  1.2802528328222e-01  4.3306083108985e-06
  6.1054687500000e+00  1.2715437096009e-01  1.2713741924193e-01  1.6951718154412e-05
  6.1132812500000e+00  1.2619649017311e-01  1.2625185963999e-01  5.5369466875566e-05
  6.1210937500000e+00  1.2549996362745e-01  1.2536864228632e-01  1.3132134113228e-04
  6.1289062500000e+00  1.2449028828356e-01  1.2448780451322e-01  2.4837703392483e-06
  6.1367187500000e+00  1.2365678757849e-01  1.2360938317419e-01  4.7404404295015e-05
  6.1445312500000e+00  1.2270584762974e-01  1.2273341464279e-01  2.7567013045890e-05
  6.1523437500000e+00  1.2182904103280e-01  1.2185993481158e-01  3.0893778778240e-05
  6.1601562500000e+00  1.2098764875898e-01  1.2098897909122e-01  1.3303322378838e-06
  6.1679687500000e+00  1.2011862614451e-01  1.2012058240955e-01  1.9562650423188e-06
  6.1757812500000e+00  1.1926285335223e-01  1.1925477921081e-01  8.0741414196506e-06
  6.1835937500000e+00  1.1838738818567e-01  1.1839160345491e-01  4.2152692339564e-06
  6.1914062500000e+00  1.1751626960057e-01  1.1753108861678e-01  1.4819016216847e-05
  6.1992187500000e+00  1.1666877711114e-01  1.1667326768587e-01  4.4905747316748e-06
  6.2070312500000e+00  1.1578674909669e-01  1.1581817316557e-01  3.1424068885191e-05
  6.2148437500000e+00  1.1496950318842e-01  1.1496583707289e-01  3.6661155307649e-06
  6.2226562500000e+00  1.1411999418186e-01  1.1411629093809e-01  3.7032437728429e-06
  6.2304687500000e+00  1.1328474578250e-01  1.1326956580442e-01  1.5179978084590e-05
  6.2382812500000e+00  1.1237633444738e-01  1.1242569222797e-01  4.9357780594617e-05
  6.2460937500000e+00  1.1170164673106e-01  1.1158470027757e-01  1.1694645349260e-04
  6.2539062500000e+00  1.1074893712003e-01  1.1074661953471e-01  2.3175853252899e-06
  6.2617187500000e+00  1.0995371116024e-01  1.0991147909366e-01  4.2232066579995e-05
  6.2695312500000e+00  1.0905496094191e-01  1.0907930756155e-01  2.4346619638099e-05
  6.2773437500000e+00  1.0822269883923e-01  1.0825013305858e-01  2.7434219346339e-05
  6.2851562500000e+00  1.0742283333109e-01  1.0742398321826e-01  1.1498871653470e-06
  6.2929687500000e+00  1.0659924486472e-01  1.0660088518779e-01  1.6403230709700e-06
  6.3007812500000e+00  1.0578793918540e-01  1.0578086562844e-01  7.0735569577263e-06
  6.3085937500000e+00  1.0496026530132e-01  1.0496395071605e-01  3.6854147275056e-06
  6.3164062500000e+00  1.0413709981460e-01  1.0415016614156e-01  1.3066326957564e-05
  6.3242187500000e+00  1.0333559790855e-01  1.0333953711165e-01  3.9392030967145e-06
  6.3320312500000e+00  1.0250428618481e-01  1.0253208834943e-01  2.7802164621449e-05
  6.3398437500000e+00  1.0173116681327e-01  1.0172784409517e-01  3.3227180926965e-06
  6.3476562500000e+00  1.0092996447903e-01  1.0092682810718e-01  3.1363718515642e-06
  6.3554687500000e+00  1.0014255014332e-01  1.0012906366262e-01  1.3486480705829e-05
  6.3632812500000e+00  9.9290919747117e-02  9.9334573558543e-02  4.3653811426639e-05
  6.3710937500000e+00  9.8646713467618e-02  9.8543380112871e-02  1.0333335474731e-04
  6.3789062500000e+00  9.7757646543460e-02  9.7755505165487e-02  2.1413779731222e-06
  6.3867187500000e+00  9.7008301154001e-02  9.6970970079399e-02  3.7331074602381e-05
  6.3945312500000e+00  9.6168461299772e-02  9.6189795741946e-02  2.1334442173948e-05
  6.4023437500000e+00  9.5387830739548e-02  9.5412002566081e-02  2.4171826532721e-05
  6.4101562500000e+00  9.4636625464051e-02  9.4637610491711e-02  9.8502766000819e-07
  6.4179687500000e+00  9.3865278244498e-02  9.3866638987094e-02  1.3607425957407e-06
  6.4257812500000e+00  9.3105256002352e-02  9.3099107050302e-02  6.1489520497560e-06
  6.4335937500000e+00  9.2331835183891e-02  9.2335033210745e-02  3.1980268545562e-06
  6.4414062500000e+00  9.1563004898634e-02  9.1574435530746e-02  1.1430632111620e-05
  6.4492187500000e+00  9.0813902702296e-02  9.0817331607180e-02  3.4289048836261e-06
  6.4570312500000e+00  9.0039332196802e-02  9.0063738573170e-02  2.4406376367483e-05
  6.4648437500000e+00  8.9316659156950e-02  8.9313673099837e-02  2.9860571126306e-06
  6.4726562500000e+00  8.8569783247354e-02  8.8567151398109e-02  2.6318492452881e-06
  6.4804687500000e+00  8.7836075998120e-02  8.7824189220581e-02  1.1886777539799e-05
  6.4882812500000e+00  8.7046493871198e-02  8.7084801863430e-02  3.8307992231881e-05
  6.4960937500000e+00  8.6439596749138e-02  8.6349004168390e-02  9.0592580748283e-05
  6.5039062500000e+00  8.5618771057930e-02  8.5616810524766e-02  1.9605331641609e-06
  6.5117187500000e+00  8.4920976057474e-02  8.4888234871513e-02  3.2741185961443e-05
  6.5195312500000e+00  8.4144740378771e-02  8.4163290699360e-02  1.8550320589353e-05
  6.5273437500000e+00  8.3420858577655e-02  8.3441991052982e-02  2.1132475327146e-05
  6.5351562500000e+00  8.2723513201563e-02  8.2724348533226e-02  8.3533166332639e-07
  6.5429687500000e+00  8.2009260879543e-02  8.2010375299382e-02  1.1144198391738e-06
  6.5507812500000e+00  8.1305385746020e-02  8.1300083071503e-02  5.3026745172047e-06
  6.5585937500000e+00  8.0590731421148e-02  8.0593483132771e-02  2.7517116227560e-06
  6.5664062500000e+00  7.9880663270264e-02  7.9890586331911e-02  9.9230616467105e-06
  6.5742187500000e+00  7.9188442248466e-02  7.9191403085646e-02  2.9608371792667e-06
  6.5820312500000e+00  7.8474686066424e-02  7.8495943381200e-02  2.1257314776008e-05
  6.5898437500000e+00  7.7806877587726e-02  7.7804216778844e-02  2.6608088817409e-06
  6.5976562500000e+00  7.7118420322251e-02  7.7116232414482e-02  2.1879077692077e-06
  6.6054687500000e+00  7.6442393203697e-02  7.6431999002281e-02  1.0394201416380e-05
  6.6132812500000e+00  7.5718171098131e-02  7.5751524837340e-02  3.3353739208625e-05
  6.6210937500000e+00  7.5153620997273e-02  7.5074817798403e-02  7.8803198869853e-05
  6.6289062500000e+00  7.4403663559541e-02  7.4401885350606e-02  1.7782089346413e-06
  6.6367187500000e+00  7.3761226960089e-02  7.3732734548265e-02  2.8492411823539e-05
  6.6445312500000e+00  7.3051369218889e-02  7.3067372037701e-02  1.6002818812408e-05
  6.6523437500000e+00  7.2387474622756e-02  7.2405804060103e-02  1.8329437346462e-05
  6.6601562500000e+00  7.1747333150852e-02  7.1748036454423e-02  7.0330357068715e-07
  6.6679687500000e+00  7.1093172165244e-02  7.1094074660311e-02  9.0249506709550e-07
  6.6757812500000e+00  7.0448460908205e-02  7.0443923721080e-02  4.5371871252725e-06
  6.6835937500000e+00  6.9795238494267e-02  6.9797588286707e-02  2.3497924403065e-06
  6.6914062500000e+00  6.9146526163937e-02  6.9155072616863e-02  8.5464529254869e-06
  6.6992187500000e+00  6.8513843372970e-02  6.8516380583976e-02  2.5372110065286e-06
  6.7070312500000e+00  6.7863144744050e-02  6.7881515676330e-02  1.8370932280382e-05
  6.7148437500000e+00  6.7252831715299e-02  6.7250481001183e-02  2.3507141162782e-06
  6.7226562500000e+00  6.6625080826335e-02  6.6623279287923e-02  1.8015384121023e-06
  6.7304687500000e+00  6.6008930404361e-02  6.5999912891250e-02  9.0175131110815e-06
  6.7382812500000e+00  6.5351571066357e-02  6.5380383794380e-02  2.8812728023561e-05
  6.7460937500000e+00  6.4832707409516e-02  6.4764693612287e-02  6.8013797228983e-05
  6.7539062500000e+00  6.4154441392935e-02  6.4152843594955e-02  1.5977979800491e-06
  6.7617187500000e+00  6.3569436978795e-02  6.3544834630670e-02  2.4602348124583e-05
  6.7695312500000e+00  6.2926968542756e-02  6.2940667249327e-02  1.3698706570822e-05
  6.7773437500000e+00  6.2324565676761e-02  6.2340341625759e-02  1.5775948997168e-05
  6.7851562500000e+00  6.1743271507366e-02  6.1743857583096e-02  5.8607573028002e-07
  6.7929687500000e+00  6.1150492784577e-02  6.1151214596140e-02  7.2181156351298e-07
  6.8007812500000e+00  6.0566263318893e-02  6.0562411794761e-02  3.8515241327849e-06
  6.8085937500000e+00  5.9975457327700e-02  5.9977447967311e-02  1.9906396104621e-06
  6.8164062500000e+00  5.9389019133692e-02  5.9396321564064e-02  7.3024303717945e-06
  6.8242187500000e+00  5.8816873489615e-02  5.8819030700667e-02  2.1572110521575e-06
  6.8320312500000e+00  5.8229820965655e-02  5.8245573161613e-02  1.5752195957883e-05
  6.8398437500000e+00  5.7678005237834e-02  5.7675946403725e-02  2.0588341088576e-06
  6.8476562500000e+00  5.7111616273322e-02  5.7110147559664e-02  1.4687136578179e-06
  6.8554687500000e+00  5.6555934363435e-02  5.6548173441444e-02  7.7609219907362e-06
  6.8632812500000e+00  5.5965324523277e-02  5.5990020543967e-02  2.4696020689795e-05
  6.8710937500000e+00  5.5493929128774e-02  5.5435685048567e-02  5.8244080207083e-05
  6.8789062500000e+00  5.4886585763397e-02  5.4885162826572e-02  1.4229368255625e-06
  6.8867187500000e+00  5.4359527011693e-02  5.4338449442871e-02  2.1077568822456e-05
  6.8945312500000e+00  5.3783905696453e-02  5.3795540159499e-02  1.1634463046112e-05
  6.9023437500000e+00  5.3242958643374e-02  5.3256429939227e-02  1.3471295853378e-05
  6.9101562500000e+00  5.2720629107344e-02  5.2721113449165e-02  4.8434182170487e-07
  6.9179687500000e+00  5.2189015746867e-02  5.2189585064373e-02  5.6931750651301e-07
  6.9257812500000e+00  5.1665082521581e-02  5.1661838871477e-02  3.2436501034711e-06
  6.9335937500000e+00  5.1136196297410e-02  5.1137868672300e-02  1.6723748896413e-06
  6.9414062500000e+00  5.0611475990355e-02  5.0617667987488e-02  6.1919971333299e-06
  6.9492187500000e+00  5.0099410272182e-02  5.0101230060156e-02  1.8197879736379e-06
  6.9570312500000e+00  4.9575145948718e-02  4.9588547859526e-02  1.3401910807967e-05
  6.9648437500000e+00  4.9081401938067e-02  4.9079614084580e-02  1.7878534877974e-06
  6.9726562500000e+00  4.8575607022419e-02  4.8574421167705e-02  1.1858547134813e-06
  6.9804687500000e+00  4.8079588854193e-02  4.8072961278358e-02  6.6275758357909e-06
  6.9882812500000e+00  4.7554224224797e-02  4.7575226326713e-02  2.1002101916107e-05
  6.9960937500000e+00  4.7130696411951e-02  4.7081207967328e-02  4.9488444622652e-05
  7.0039062500000e+00  4.6592153328635e-02  4.6590897602801e-02  1.2557258334822e-06
  7.0117187500000e+00  4.6122203706106e-02  4.6104286387432e-02  1.7917318674371e-05
  7.0195312500000e+00  4.5611560236408e-02  4.5621365230880e-02  9.8049944715767e-06
  7.0273437500000e+00  4.5130710813408e-02  4.5142124801826e-02  1.1413988418287e-05
  7.0351562500000e+00  4.4666159084789e-02  4.4666555531629e-02  3.9644683939161e-07
  7.0429687500000e+00  4.4194204581001e-02  4.4194647617977e-02  4.4303697582099e-07
  7.0507812500000e+00  4.3729101276477e-02  4.3726391028545e-02  2.7102479321223e-06
  7.0585937500000e+00  4.3260381184030e-02  4.3261775504639e-02  1.3943206083611e-06
  7.0664062500000e+00  4.2795582588519e-02  4.2800790564841e-02  5.2079763216764e-06
  7.0742187500000e+00  4.2341902137228e-02  4.2343425508650e-02  1.5233714222226e-06
  7.0820312500000e+00  4.1878355960909e-02  4.1889669420113e-02  1.1313459203445e-05
  7.0898437500000e+00  4.1441050953756e-02  4.1439511171453e-02  1.5397823028354e-06
  7.0976562500000e+00  4.0993887097896e-02  4.0992939426692e-02  9.4767120373956e-07
  7.1054687500000e+00  4.0555557401808e-02  4.0549942645264e-02  5.6147565443282e-06
  7.1132812500000e+00  4.0092787962768e-02  4.0110509085617e-02  1.7721122849472e-05
  7.1210937500000e+00  3.9716347731015e-02  3.9674626808819e-02  4.1720922196203e-05
  7.1289062500000e+00  3.9243382089892e-02  3.9242283682136e-02  1.0984077560422e-06
  7.1367187500000e+00  3.8828579757901e-02  3.8813467382618e-02  1.5112375283038e-05
  7.1445312500000e+00  3.8379966615384e-02  3.8388165400667e-02  8.1987852828119e-06
  7.1523437500000e+00  3.7956769334934e-02  3.7966365043593e-02  9.5957086590909e-06
  7.1601562500000e+00  3.7547731847405e-02  3.7548053439162e-02  3.2159175747393e-07
  7.1679687500000e+00  3.7132877794306e-02  3.7133217539132e-02  3.3974482692434e-07
  7.1757812500000e+00  3.6724091078449e-02  3.6721844122777e-02  2.2469556725038e-06
  7.1835937500000e+00  3.6312766766966e-02  3.6313919800393e-02  1.1530334266263e-06
  7.1914062500000e+00  3.5905083949205e-02  3.5909431016802e-02  4.3470675970686e-06
  7.1992187500000e+00  3.5507098521305e-02  3.5508364054831e-02  1.2655335259737e-06
  7.2070312500000e+00  3.5101229455776e-02  3.5110705038783e-02  9.4755830070195e-06
  7.2148437500000e+00  3.4717755076032e-02  3.4716439937891e-02  1.3151381412085e-06
  7.2226562500000e+00  3.4326303932859e-02  3.4325554569758e-02  7.4936310080764e-07
  7.2304687500000e+00  3.3942754020540e-02  3.3938034603782e-02  4.7194167576287e-06
  7.2382812500000e+00  3.3539030359100e-02  3.3553865564564e-02  1.4835205464407e-05
  7.2460937500000e+00  3.3207931268242e-02  3.3173032835299e-02  3.4898432943582e-05
  7.2539062500000e+00  3.2796473741699e-02  3.2795521661148e-02  9.5208055059942e-07
  7.2617187500000e+00  3.2433965522705e-02  3.2421317152604e-02  1.2648370100947e-05
  7.2695312500000e+00  3.2043601652668e-02  3.2050404288820e-02  6.8026361522283e-06
  7.2773437500000e+00  3.1674762412798e-02  3.1682767920942e-02  8.0055081444694e-06
  7.2851562500000e+00  3.1318135377802e-02  3.1318392775403e-02  2.5739760153853e-07
  7.2929687500000e+00  3.0957008951227e-02  3.0957263457214e-02  2.5450598656329e-07
  7.3007812500000e+00  3.0601210297341e-02  3.0599364453223e-02  1.8458441176372e-06
  7.3085937500000e+00  3.0243733551126e-02  3.0244680135365e-02  9.4658423917260e-07
  7.3164062500000e+00  2.9889597829695e-02  2.9893194763885e-02  3.5969341899734e-06
  7.3242187500000e+00  2.9543848555285e-02  2.9544892490542e-02  1.0439352575373e-06
  7.3320312500000e+00  2.9191879730385e-02  2.9199757361795e-02  7.8776314103891e-06
  7.3398437500000e+00  2.8858890287550e-02  2.8857773321965e-02  1.1169655846528e-06
  7.3476562500000e+00  2.8519512189332e-02  2.8518924216375e-02  5.8797295708971e-07
  7.3554687500000e+00  2.8187123726018e-02  2.8183193794473e-02  3.9299315454031e-06
  7.3632812500000e+00  2.7838244629733e-02  2.7850565712927e-02  1.2321083194173e-05
  7.3710937500000e+00  2.7549994003601e-02  2.7521023538702e-02  2.8970464898991e-05
  7.3789062500000e+00  2.7195358585971e-02  2.7194550752113e-02  8.0783385796035e-07
  7.3867187500000e+00  2.6881628735188e-02  2.6871130749853e-02  1.0497985334548e-05
  7.3945312500000e+00  2.6545165993725e-02  2.6550746848001e-02  5.5808542755859e-06
  7.4023437500000e+00  2.6226750514304e-02  2.6233382285004e-02  6.6317707004687e-06
  7.4101562500000e+00  2.5918795053348e-02  2.5919020224640e-02  2.2517129161931e-07
  7.4179687500000e+00  2.5607478777107e-02  2.5607643758948e-02  1.6498184144190e-07
  7.4257812500000e+00  2.5300746681173e-02  2.5299235911144e-02  1.5107700297688e-06
  7.4335937500000e+00  2.4992979125099e-02  2.4993779638503e-02  8.0051340395002e-07
  7.4414062500000e+00  2.4688324854507e-02  2.4691257835226e-02  2.9329807181705e-06
  7.4492187500000e+00  2.4390809103540e-02  2.4391653335273e-02  8.4423173284109e-07
  7.4570312500000e+00  2.4088421782989e-02  2.4094948915176e-02  6.5271321870834e-06
  7.4648437500000e+00  2.3802089253036e-02  2.3801127296828e-02  9.6195620860606e-07
  7.4726562500000e+00  2.3510628552111e-02  2.3510171150239e-02  4.5740187254104e-07
  7.4804687500000e+00  2.3225293592506e-02  2.3222063096275e-02  3.2304962310978e-06
  7.4882812500000e+00  2.2926654272584e-02  2.2936785709366e-02  1.0131436782225e-05
  7.4960937500000e+00  2.2678158506873e-02  2.2654321520189e-02  2.3836986683696e-05
  7.5039062500000e+00  2.2375363530562e-02  2.2374653018325e-02  7.1051223688584e-07
  7.5117187500000e+00  2.2106409076115e-02  2.2097762654890e-02  8.6464212255208e-06
  7.5195312500000e+00  2.1819022532986e-02  2.1823632845135e-02  4.6103121486875e-06
  7.5273437500000e+00  2.1546884221091e-02  2.1552245971030e-02  5.3617499382354e-06
  7.5351562500000e+00  2.1283370781842e-02  2.1283584383807e-02  2.1360196478942e-07
  7.5429687500000e+00  2.1017466611576e-02  2.1017630406488e-02  1.6379491179011e-07
  7.5507812500000e+00  2.0755656884018e-02  2.0754366336379e-02  1.2905476390740e-06
  7.5585937500000e+00  2.0493103471970e-02  2.0493774447539e-02  6.7097556878670e-07
  7.5664062500000e+00  2.0233438729689e-02  2.0235836993220e-02  2.3982635311698e-06
  7.5742187500000e+00  1.9979844392774e-02  1.9980536208285e-02  6.9181551041325e-07
  7.5820312500000e+00  1.9722561120564e-02  1.9727854311588e-02  5.2931910232978e-06
  7.5898437500000e+00  1.9478496775109e-02  1.9477773508339e-02  7.2326676977402e-07
  7.5976562500000e+00  1.9230689844035e-02  1.9230275992431e-02  4.1385160333765e-07
  7.6054687500000e+00  1.8987994781813e-02  1.8985343948746e-02  2.6508330669174e-06
  7.6132812500000e+00  1.8734611436668e-02  1.8742959555427e-02  8.3481187596081e-06
  7.6210937500000e+00  1.8522668751585e-02  1.8503104986128e-02  1.9563765457364e-05
  7.6289062500000e+00  1.8266281733054e-02  1.8265762412232e-02  5.1932082169304e-07
  7.6367187500000e+00  1.8038039240375e-02  1.8030914005044e-02  7.1252353308557e-06
  7.6445312500000e+00  1.7794774336709e-02  1.7798541937953e-02  3.7676012438481e-06
  7.6523437500000e+00  1.7564280220471e-02  1.7568628388566e-02  4.3481680944771e-06
  7.6601562500000e+00  1.7340946909437e-02  1.7341155540819e-02  2.0863138184418e-07
  7.6679687500000e+00  1.7116052867057e-02  1.7116105587052e-02  5.2719995355388e-08
  7.6757812500000e+00  1.6894455627800e-02  1.6893460730063e-02  9.9489773707981e-07
  7.6835937500000e+00  1.6672669662853e-02  1.6673203185127e-02  5.3352227454354e-07
  7.6914062500000e+00  1.6453325520268e-02  1.6455315181994e-02  1.9896617257931e-06
  7.6992187500000e+00  1.6239366033239e-02  1.6239778966853e-02  4.1293361398645e-07
  7.7070312500000e+00  1.6022115954227e-02  1.6026576804272e-02  4.4608500451744e-06
  7.7148437500000e+00  1.5816387473752e-02  1.5815690979106e-02  6.9649464605470e-07
  7.7226562500000e+00  1.5607391275792e-02  1.5607103798379e-02  2.8747741357901e-07
  7.7304687500000e+00  1.5402943600817e-02  1.5400797593141e-02  2.1460076759152e-06
  7.7382812500000e+00  1.5190028215787e-02  1.5196754720289e-02  6.7265045023031e-06
  7.7460937500000e+00  1.5010750274706e-02  1.4994957564368e-02  1.5792710337855e-05
  7.7539062500000e+00  1.4795894870390e-02  1.4795388539341e-02  5.0633104917326e-07
  7.7617187500000e+00  1.4603751483541e-02  1.4598030090326e-02  5.7213932146277e-06
  7.7695312500000e+00  1.4399871161098e-02  1.4402864695317e-02  2.9935342197272e-06
  7.7773437500000e+00  1.4206325045406e-02  1.4209874866865e-02  3.5498214595517e-06
  7.7851562500000e+00  1.4018933835148e-02  1.4019043153737e-02  1.0931858897105e-07
  7.7929687500000e+00  1.3830291194403e-02  1.3830352142549e-02  6.0948145339662e-08
  7.8007812500000e+00  1.3644506274339e-02  1.3643784459365e-02  7.2181497334615e-07
  7.8085937500000e+00  1.3459053663761e-02  1.3459322771279e-02  2.6910751776965e-07
  7.8164062500000e+00  1.3275212285922e-02  1.3276949787955e-02  1.7375020339681e-06
  7.8242187500000e+00  1.3096448971260e-02  1.3096648263155e-02  1.9929189483230e-07
  7.8320312500000e+00  1.2914540444071e-02  1.2918400996227e-02  3.8605521551459e-06
  7.8398437500000e+00  1.2743290007815e-02  1.2742190833573e-02  1.0991742420835e-06
  7.8476562500000e+00  1.2567457449517e-02  1.2568000670091e-02  5.4322057427454e-07
  7.8554687500000e+00  1.2398380021729e-02  1.2395813450584e-02  2.5665711455205e-06
  7.8632812500000e+00  1.2219501906908e-02  1.2225612171145e-02  6.1102642366345e-06
  7.8710937500000e+00  1.2070426890253e-02  1.2057379880518e-02  1.3047009735269e-05
  7.8789062500000e+00  1.1891659879371e-02  1.1891099681430e-02  5.6019794159035e-07
  7.8867187500000e+00  1.1730763103437e-02  1.1726754731893e-02  4.0083715439915e-06
  7.8945312500000e+00  1.1562633565249e-02  1.1564328246489e-02  1.6946812403714e-06
  7.9023437500000e+00  1.1400632817765e-02  1.1403803497617e-02  3.1706798513890e-06
  7.9101562500000e+00  1.1244787399371e-02  1.1245163816724e-02  3.7641735251524e-07
  7.9179687500000e+00  1.1088967002680e-02  1.1088392595504e-02  5.7440717597147e-07
  7.9257812500000e+00  1.0933723728397e-02  1.0933473287074e-02  2.5044132349016e-07
  7.9335937500000e+00  1.0779708780978e-02  1.0780389407123e-02  6.8062614437536e-07
  7.9414062500000e+00  1.0628980885425e-02  1.0629124535036e-02  1.4364961109861e-07
  7.9492187500000e+00  1.0478039498385e-02  1.0479662314992e-02  1.6228166068635e-06
  7.9570312500000e+00  1.0329937714717e-02  1.0331986457039e-02  2.0487423219844e-06
  7.9648437500000e+00  1.0186337950356e-02  1.0186080738140e-02  2.5721221621339e-07
  7.9726562500000e+00  1.0042682625006e-02  1.0041929003198e-02  7.5362180818571e-07
  7.9804687500000e+00  9.8989042003195e-03  9.8995151660533e-03  6.1096573379139e-07
  7.9882812500000e+00  9.7575241812883e-03  9.7588232104594e-03  1.2990291711843e-06
  7.9960937500000e+00  9.6272267449066e-03  9.6198371910313e-03  7.3895538752079e-06
