#              Coord.            Numerical           Analytical                Error
  1.5625000000000e-02  1.3750882147509e-04  2.7465150066045e-03  2.6090061851295e-03
  4.6875000000000e-02  1.7508976660100e-04  2.9368704593829e-03  2.7617806927819e-03
  7.8125000000000e-02  3.0324810258770e-04  3.1388860340625e-03  2.8356379314748e-03
  1.0937500000000e-01  2.8333873930835e-04  3.3531597677349e-03  3.0698210284266e-03
  1.4062500000000e-01  2.9621712712615e-04  3.5803121135185e-03  3.2840949863923e-03
  1.7187500000000e-01  3.2252536578751e-04  3.8209862182504e-03  3.4984608524629e-03
  2.0312500000000e-01  3.3705873310828e-04  4.0758481618175e-03  3.7387894287093e-03
  2.3437500000000e-01  3.5858795013557e-04  4.3455871548032e-03  3.9869992046676e-03
  2.6562500000000e-01  3.8155335006241e-04  4.6309156910503e-03  4.2493623409879e-03
  2.9687500000000e-01  4.0060442922878e-04  4.9325696516737e-03  4.5319652224449e-03
  3.2812500000000e-01  4.2890539940293e-04  5.2513083569942e-03  4.8224029575913e-03
  3.5937500000000e-01  4.4845115200256e-04  5.5879145628194e-03  5.1394634108169e-03
  3.9062500000000e-01  4.7992406161274e-04  5.9431943974578e-03  5.4632703358451e-03
  4.2187500000000e-01  5.0210805122592e-04  6.3179772358278e-03  5.8158691846019e-03
  4.5312500000000e-01  5.3514788017044e-04  6.7131155070108e-03  6.1779676268404e-03
  4.8437500000000e-01  5.6183232171568e-04  7.1294844315991e-03  6.5676521098834e-03
  5.1562500000000e-01  5.9499879625129e-04  7.5679816852055e-03  6.9729828889543e-03
  5.4687500000000e-01  6.2721239080160e-04  8.0295269845340e-03  7.4023145937324e-03
  5.7812500000000e-01  6.6197786912508e-04  8.5150615924578e-03  7.8530837233327e-03
  6.0937500000000e-01  6.9775372752266e-04  9.0255477386193e-03  8.3277940110966e-03
  6.4062500000000e-01  7.3537396995654e-04  9.5619679521484e-03  8.8265939821919e-03
  6.7187500000000e-01  7.7457694061208e-04  1.0125324303198e-02  9.3507473625863e-03
  7.0312500000000e-01  8.1548994969436e-04  1.0716637550122e-02  9.9011476004273e-03
  7.3437500000000e-01  8.5821591222417e-04  1.1336946189249e-02  1.0478730277025e-02
  7.6562500000000e-01  9.0268633493325e-04  1.1987305404399e-02  1.1084619069466e-02
  7.9687500000000e-01  9.4910849194580e-04  1.2668785913430e-02  1.1719677421484e-02
  8.2812500000000e-01  9.9736685483073e-04  1.3382472709344e-02  1.2385105854513e-02
  8.5937500000000e-01  1.0476780176243e-03  1.4129463693701e-02  1.3081785676077e-02
  8.9062500000000e-01  1.0999432177159e-03  1.4910868200317e-02  1.3810924982601e-02
  9.2187500000000e-01  1.1543438443954e-03  1.5727805407525e-02  1.4573461563130e-02
  9.5312500000000e-01  1.2108268870786e-03  1.6581402637558e-02  1.5370575750480e-02
  9.8437500000000e-01  1.2695193635191e-03  1.7472793541914e-02  1.6203274178395e-02
  1.0156250000000e+00  1.3304247726323e-03  1.8403116171934e-02  1.7072691399301e-02
  1.0468750000000e+00  1.3936127838507e-03  1.9373510934157e-02  1.7979898150306e-02
  1.0781250000000e+00  1.4591275802206e-03  2.0385118430404e-02  1.8925990850183e-02
  1.1093750000000e+00  1.5270170481768e-03  2.1439077182952e-02  1.9912060134775e-02
  1.1406250000000e+00  1.5973278119681e-03  2.2536521245573e-02  2.0939193433605e-02
  1.1718750000000e+00  1.6701051702901e-03  2.3678577701653e-02  2.2008472531363e-02
  1.2031250000000e+00  1.7453930895813e-03  2.4866364051074e-02  2.3120970961492e-02
  1.2343750000000e+00  1.8232340926767e-03  2.6100985488007e-02  2.4277751395330e-02
  1.2656250000000e+00  1.9036687192231e-03  2.7383532072264e-02  2.5479863353041e-02
  1.2968750000000e+00  1.9867360587476e-03  2.8715075797354e-02  2.6728339738607e-02
  1.3281250000000e+00  2.0724733166602e-03  3.0096667558922e-02  2.8024194242262e-02
  1.3593750000000e+00  2.1609146243909e-03  3.1529334027758e-02  2.9368419403367e-02
  1.3906250000000e+00  2.2520928690446e-03  3.3014074432122e-02  3.0761981563078e-02
  1.4218750000000e+00  2.3460384258890e-03  3.4551857254675e-02  3.2205818828786e-02
  1.4531250000000e+00  2.4427782827691e-03  3.6143616849832e-02  3.3700838567063e-02
  1.4843750000000e+00  2.5423374794130e-03  3.7790249987948e-02  3.5247912508535e-02
  1.5156250000000e+00  2.6447377870145e-03  3.9492612333278e-02  3.6847874546264e-02
  1.5468750000000e+00  2.7499978098450e-03  4.1251514863196e-02  3.8501517053351e-02
  1.5781250000000e+00  2.8581328936996e-03  4.3067720236735e-02  4.0209587343036e-02
  1.6093750000000e+00  2.9691552801366e-03  4.4941939121036e-02  4.1972783840900e-02
  1.6406250000000e+00  3.0830735211340e-03  4.6874826484811e-02  4.3791752963677e-02
  1.6718750000000e+00  3.1998922236054e-03  4.8866977868478e-02  4.5667085644873e-02
  1.7031250000000e+00  3.3196128882749e-03  5.0918925641097e-02  4.7599312752822e-02
  1.7343750000000e+00  3.4422316738106e-03  5.3031135254740e-02  4.9588903580929e-02
  1.7656250000000e+00  3.5677420062987e-03  5.5204001507382e-02  5.1636259501083e-02
  1.7968750000000e+00  3.6961325240353e-03  5.7437844825846e-02  5.3741712301811e-02
  1.8281250000000e+00  3.8273866978215e-03  5.9732907580734e-02  5.5905520882912e-02
  1.8593750000000e+00  3.9614845239848e-03  6.2089350445670e-02  5.8127865921685e-02
  1.8906250000000e+00  4.0984012522527e-03  6.4507248813528e-02  6.0408847561275e-02
  1.9218750000000e+00  4.2381062800855e-03  6.6986589282606e-02  6.2748483002520e-02
  1.9531250000000e+00  4.3805654511386e-03  6.9527266226015e-02  6.5146700774876e-02
  1.9843750000000e+00  4.5257387939592e-03  7.2129078457750e-02  6.7603339663791e-02
  2.0156250000000e+00  4.6735819166016e-03  7.4791726009108e-02  7.0118144092506e-02
  2.0468750000000e+00  4.8240440227767e-03  7.7514807029260e-02  7.2690763006484e-02
  2.0781250000000e+00  4.9770700523404e-03  8.0297814823862e-02  7.5320744771521e-02
  2.1093750000000e+00  5.1325994552116e-03  8.3140135045625e-02  7.8007535590413e-02
  2.1406250000000e+00  5.2905667643140e-03  8.6041043050764e-02  8.0750476286450e-02
  2.1718750000000e+00  5.4508999644592e-03  8.8999701435145e-02  8.3548801470685e-02
  2.2031250000000e+00  5.6135229770464e-03  9.2015157763835e-02  8.6401634786789e-02
  2.2343750000000e+00  5.7783526039523e-03  9.5086342507575e-02  8.9307989903622e-02
  2.2656250000000e+00  5.9453013581909e-03  9.8212067199411e-02  9.2266765841220e-02
  2.2968750000000e+00  6.1142763318029e-03  1.0139102282446e-01  9.5276746492660e-02
  2.3281250000000e+00  6.2851786803448e-03  1.0462177845537e-01  9.8336599775025e-02
  2.3593750000000e+00  6.4579045772603e-03  1.0790278014557e-01  1.0144487556831e-01
  2.3906250000000e+00  6.6323432092872e-03  1.1123235009205e-01  1.0460000688276e-01
  2.4218750000000e+00  6.8083803041042e-03  1.1460868607861e-01  1.0780030577450e-01
  2.4531250000000e+00  6.9858965212176e-03  1.1802986121014e-01  1.1104396468892e-01
  2.4843750000000e+00  7.1647651621031e-03  1.2149382394766e-01  1.1432905878556e-01
  2.5156250000000e+00  7.3448559405507e-03  1.2499839845311e-01  1.1765354251256e-01
  2.5468750000000e+00  7.5260337591185e-03  1.2854128525213e-01  1.2101525149302e-01
  2.5781250000000e+00  7.7081582717637e-03  1.3212006222228e-01  1.2441190395052e-01
  2.6093750000000e+00  7.8910844020289e-03  1.3573218591296e-01  1.2784110151094e-01
  2.6406250000000e+00  8.0746604565469e-03  1.3937499320270e-01  1.3130033274616e-01
  2.6718750000000e+00  8.2587349916348e-03  1.4304570329817e-01  1.3478696830654e-01
  2.7031250000000e+00  8.4431483081891e-03  1.4674142007839e-01  1.3829827177020e-01
  2.7343750000000e+00  8.6277385333025e-03  1.5045913478634e-01  1.4183139625304e-01
  2.7656250000000e+00  8.8123381664035e-03  1.5419572906935e-01  1.4538339090295e-01
  2.7968750000000e+00  8.9967780470308e-03  1.5794797836794e-01  1.4895120032091e-01
  2.8281250000000e+00  9.1808852634971e-03  1.6171255565221e-01  1.5253167038871e-01
  2.8593750000000e+00  9.3644831760941e-03  1.6548603550309e-01  1.5612155232699e-01
  2.8906250000000e+00  9.5473923538239e-03  1.6926489853492e-01  1.5971750618109e-01
  2.9218750000000e+00  9.7294305762505e-03  1.7304553615427e-01  1.6331610557802e-01
  2.9531250000000e+00  9.9104139027329e-03  1.7682425564879e-01  1.6691384174605e-01
  2.9843750000000e+00  1.0090156295221e-02  1.8059728559856e-01  1.7050712930334e-01
  3.0156250000000e+00  1.0268468325162e-02  1.8436078160115e-01  1.7409231327599e-01
  3.0468750000000e+00  1.0445161913198e-02  1.8811083230018e-01  1.7766567038699e-01
  3.0781250000000e+00  1.0620047598061e-02  1.9184346570619e-01  1.8122341810813e-01
  3.1093750000000e+00  1.0792931279484e-02  1.9555465579701e-01  1.8476172451752e-01
  3.1406250000000e+00  1.0963623162693e-02  1.9924032938397e-01  1.8827670622127e-01
  3.1718750000000e+00  1.1131931350686e-02  2.0289637322881e-01  1.9176444187813e-01
  3.2031250000000e+00  1.1297663563092e-02  2.0651864139515e-01  1.9522097783206e-01
  3.2343750000000e+00  1.1460629186817e-02  2.1010296281715e-01  1.9864233363033e-01
  3.2656250000000e+00  1.1620638747348e-02  2.1364514906704e-01  2.0202451031970e-01
  3.2968750000000e+00  1.1777502491284e-02  2.1714100230217e-01  2.0536349981089e-01
  3.3281250000000e+00  1.1931034500647e-02  2.2058632337103e-01  2.0865528887039e-01
  3.3593750000000e+00  1.2081049753314e-02  2.2397692005724e-01  2.1189587030393e-01
  3.3906250000000e+00  1.2227365477512e-02  2.2730861543921e-01  2.1508124996170e-01
  3.4218750000000e+00  1.2369802631522e-02  2.3057725634278e-01  2.1820745371126e-01
  3.4531250000000e+00  1.2508184349459e-02  2.3377872186325e-01  2.2127053751380e-01
  3.4843750000000e+00  1.2642337366356e-02  2.3690893193274e-01  2.2426659456639e-01
  3.5156250000000e+00  1.2772093898889e-02  2.3996385590820e-01  2.2719176200931e-01
  3.5468750000000e+00  1.2897287633872e-02  2.4293952115513e-01  2.3004223352126e-01
  3.5781250000000e+00  1.3017759508639e-02  2.4583202160158e-01  2.3281426209294e-01
  3.6093750000000e+00  1.3133354021144e-02  2.4863752623682e-01  2.3550417221568e-01
  3.6406250000000e+00  1.3243920522409e-02  2.5135228752908e-01  2.3810836700667e-01
  3.6718750000000e+00  1.3349315272880e-02  2.5397264973641e-01  2.4062333446353e-01
  3.7031250000000e+00  1.3449398538752e-02  2.5649505708515e-01  2.4304565854640e-01
  3.7343750000000e+00  1.3544038430359e-02  2.5891606179038e-01  2.4537202336002e-01
  3.7656250000000e+00  1.3633110188437e-02  2.6123233189310e-01  2.4759922170466e-01
  3.7968750000000e+00  1.3716492226773e-02  2.6344065888934e-01  2.4972416666256e-01
  3.8281250000000e+00  1.3794075454248e-02  2.6553796512667e-01  2.5174388967243e-01
  3.8593750000000e+00  1.3865750639050e-02  2.6752131094440e-01  2.5365556030535e-01
  3.8906250000000e+00  1.3931425557029e-02  2.6938790153418e-01  2.5545647597715e-01
  3.9218750000000e+00  1.3991007312949e-02  2.7113509349873e-01  2.5714408618579e-01
  3.9531250000000e+00  1.4044413322187e-02  2.7276040108709e-01  2.5871598776491e-01
  3.9843750000000e+00  1.4091572009395e-02  2.7426150208583e-01  2.6016993007644e-01
  4.0156250000000e+00  1.4132417848307e-02  2.7563624334670e-01  2.6150382549839e-01
  4.0468750000000e+00  1.4166892967963e-02  2.7688264593228e-01  2.6271575296432e-01
  4.0781250000000e+00  1.4194949415811e-02  2.7799890986246e-01  2.6380396044665e-01
  4.1093750000000e+00  1.4216547989397e-02  2.7898341844576e-01  2.6476687045636e-01
  4.1406250000000e+00  1.4231656165340e-02  2.7983474218094e-01  2.6560308601560e-01
  4.1718750000000e+00  1.4240252959261e-02  2.8055164221574e-01  2.6631138925648e-01
  4.2031250000000e+00  1.4242325736177e-02  2.8113307335097e-01  2.6689074761479e-01
  4.2343750000000e+00  1.4237869410598e-02  2.8157818657982e-01  2.6734031716922e-01
  4.2656250000000e+00  1.4226888842866e-02  2.8188633115374e-01  2.6765944231087e-01
  4.2968750000000e+00  1.4209398518188e-02  2.8205705616778e-01  2.6784765764959e-01
  4.3281250000000e+00  1.4185419745035e-02  2.8209011166012e-01  2.6790469191508e-01
  4.3593750000000e+00  1.4154982619771e-02  2.8198544922191e-01  2.6783046660214e-01
  4.3906250000000e+00  1.4118132017019e-02  2.8174322211540e-01  2.6762509009838e-01
  4.4218750000000e+00  1.4074913104318e-02  2.8136378489999e-01  2.6728887179567e-01
  4.4531250000000e+00  1.4025382085808e-02  2.8084769256735e-01  2.6682231048154e-01
  4.4843750000000e+00  1.3969609283025e-02  2.8019569918871e-01  2.6622608990568e-01
  4.5156250000000e+00  1.3907665667639e-02  2.7940875607884e-01  2.6550109041121e-01
  4.5468750000000e+00  1.3839636071947e-02  2.7848800948307e-01  2.6464837341112e-01
  4.5781250000000e+00  1.3765608506098e-02  2.7743479779502e-01  2.6366918928892e-01
  4.6093750000000e+00  1.3685682306939e-02  2.7625064831481e-01  2.6256496600787e-01
  4.6406250000000e+00  1.3599964691658e-02  2.7493727355843e-01  2.6133730886677e-01
  4.6718750000000e+00  1.3508566200510e-02  2.7349656713094e-01  2.5998800093043e-01
  4.7031250000000e+00  1.3411608759002e-02  2.7193059917739e-01  2.5851899041839e-01
  4.7343750000000e+00  1.3309218116670e-02  2.7024161142667e-01  2.5693239331000e-01
  4.7656250000000e+00  1.3201529027793e-02  2.6843201184500e-01  2.5523048281721e-01
  4.7968750000000e+00  1.3088682444351e-02  2.6650436891689e-01  2.5341568647254e-01
  4.8281250000000e+00  1.2970821843482e-02  2.6446140557246e-01  2.5149058372898e-01
  4.8593750000000e+00  1.2848098399746e-02  2.6230599278143e-01  2.4945789438169e-01
  4.8906250000000e+00  1.2720671568702e-02  2.6004114283461e-01  2.4732047126590e-01
  4.9218750000000e+00  1.2588701293338e-02  2.5767000233507e-01  2.4508130104173e-01
  4.9531250000000e+00  1.2452353066752e-02  2.5519584492177e-01  2.4274349185502e-01
  4.9843750000000e+00  1.2311800392110e-02  2.5262206374902e-01  2.4031026335691e-01
  5.0156250000000e+00  1.2167215199938e-02  2.4995216374615e-01  2.3778494854621e-01
  5.0468750000000e+00  1.2018777290443e-02  2.4718975368186e-01  2.3517097639141e-01
  5.0781250000000e+00  1.1866668669540e-02  2.4433853805846e-01  2.3247186938892e-01
  5.1093750000000e+00  1.1711071858673e-02  2.4140230886133e-01  2.2969123700265e-01
  5.1406250000000e+00  1.1552174865559e-02  2.3838493718929e-01  2.2683276232373e-01
  5.1718750000000e+00  1.1390165078377e-02  2.3529036479155e-01  2.2390019971317e-01
  5.2031250000000e+00  1.1225234671690e-02  2.3212259553707e-01  2.2089736086538e-01
  5.2343750000000e+00  1.1057574155721e-02  2.2888568684192e-01  2.1782811268620e-01
  5.2656250000000e+00  1.0887379603915e-02  2.2558374108019e-01  2.1469636147627e-01
  5.2968750000000e+00  1.0714840538163e-02  2.2222089700360e-01  2.1150605646544e-01
  5.3281250000000e+00  1.0540154487881e-02  2.1880132119471e-01  2.0826116670683e-01
  5.3593750000000e+00  1.0363512791932e-02  2.1532919957793e-01  2.0496568678600e-01
  5.3906250000000e+00  1.0185110069411e-02  2.1180872901242e-01  2.0162361894301e-01
  5.4218750000000e+00  1.0005138075173e-02  2.0824410898972e-01  1.9823897091455e-01
  5.4531250000000e+00  9.8237887641605e-03  2.0463953345880e-01  1.9481574469464e-01
  5.4843750000000e+00  9.6412528106849e-03  2.0099918280013e-01  1.9135792998945e-01
  5.5156250000000e+00  9.4577169170706e-03  1.9732721596949e-01  1.8786949905242e-01
  5.5468750000000e+00  9.2733681575388e-03  1.9362776283150e-01  1.8435439467396e-01
  5.5781250000000e+00  9.0883915274113e-03  1.8990491670165e-01  1.8081652517424e-01
  5.6093750000000e+00  8.9029660827343e-03  1.8616272711472e-01  1.7725976103198e-01
  5.6406250000000e+00  8.7172716626339e-03  1.8240519283631e-01  1.7368792117368e-01
  5.6718750000000e+00  8.5314812723665e-03  1.7863625513305e-01  1.7010477386068e-01
  5.7031250000000e+00  8.3457683047283e-03  1.7485979131590e-01  1.6651402301117e-01
  5.7343750000000e+00  8.1602998541130e-03  1.7107960856981e-01  1.6291930871570e-01
  5.7656250000000e+00  7.9752401373312e-03  1.6729943808163e-01  1.5932419794430e-01
  5.7968750000000e+00  7.7907478366977e-03  1.6352292947702e-01  1.5573218164032e-01
  5.8281250000000e+00  7.6069784513672e-03  1.5975364557575e-01  1.5214666712438e-01
  5.8593750000000e+00  7.4240834341355e-03  1.5599505747361e-01  1.4857097403948e-01
  5.8906250000000e+00  7.2422093249182e-03  1.5225053995777e-01  1.4500833063285e-01
  5.9218750000000e+00  7.0614966867405e-03  1.4852336726111e-01  1.4146187057437e-01
  5.9531250000000e+00  6.8820808838716e-03  1.4481670915994e-01  1.3793462827607e-01
  5.9843750000000e+00  6.7040946331392e-03  1.4113362741810e-01  1.3442953278496e-01
  6.0156250000000e+00  6.5276628504337e-03  1.3747707257924e-01  1.3094940972881e-01
  6.0468750000000e+00  6.3529058331677e-03  1.3384988110787e-01  1.2749697527470e-01
  6.0781250000000e+00  6.1799398647035e-03  1.3025477287862e-01  1.2407483301391e-01
  6.1093750000000e+00  6.0088732164070e-03  1.2669434901187e-01  1.2068547579546e-01
  6.1406250000000e+00  5.8398103344005e-03  1.2317109005297e-01  1.1733127971857e-01
  6.1718750000000e+00  5.6728502178310e-03  1.1968735449096e-01  1.1401450427313e-01
  6.2031250000000e+00  5.5080851863939e-03  1.1624537761192e-01  1.1073729242553e-01
  6.2343750000000e+00  5.3456025761257e-03  1.1284727068082e-01  1.0750166810470e-01
  6.2656250000000e+00  5.1854841932732e-03  1.0949502044507e-01  1.0430953625179e-01
  6.2968750000000e+00  5.0278055179533e-03  1.0619048895186e-01  1.0116268343391e-01
  6.3281250000000e+00  4.8726372409758e-03  1.0293541367076e-01  9.8062776429779e-02
  6.3593750000000e+00  4.7200444557085e-03  9.9731407911934e-02  9.5011363456225e-02
  6.3906250000000e+00  4.5700859947104e-03  9.6579961530180e-02  9.2009875535470e-02
  6.4218750000000e+00  4.4228161999439e-03  9.3482441903666e-02  8.9059625703722e-02
  6.4531250000000e+00  4.2782835723052e-03  9.0440095176228e-02  8.6161811603923e-02
  6.4843750000000e+00  4.1365312537435e-03  8.7454047751222e-02  8.3317516497479e-02
  6.5156250000000e+00  3.9975974850913e-03  8.4525308024578e-02  8.0527710539487e-02
  6.5468750000000e+00  3.8615146877119e-03  8.1654768344287e-02  7.7793253656575e-02
  6.5781250000000e+00  3.7283111777502e-03  7.8843207183202e-02  7.5114896005452e-02
  6.6093750000000e+00  3.5980107781259e-03  7.6091291511755e-02  7.2493280733629e-02
  6.6406250000000e+00  3.4706304169866e-03  7.3399579356975e-02  6.9928948939989e-02
  6.6718750000000e+00  3.3461845049375e-03  7.0768522534028e-02  6.7422338029091e-02
  6.7031250000000e+00  3.2246823524772e-03  6.8198469536401e-02  6.4973787183924e-02
  6.7343750000000e+00  3.1061286629065e-03  6.5689668570811e-02  6.2583539907905e-02
  6.7656250000000e+00  2.9905243316810e-03  6.3242270722921e-02  6.0251746391240e-02
  6.7968750000000e+00  2.8778657033581e-03  6.0856333240017e-02  5.7978467536659e-02
  6.8281250000000e+00  2.7681459843662e-03  5.8531822916907e-02  5.5763676932541e-02
  6.8593750000000e+00  2.6613531076919e-03  5.6268619571471e-02  5.3607266463780e-02
  6.8906250000000e+00  2.5574735573943e-03  5.4066519596499e-02  5.1509046039104e-02
  6.9218750000000e+00  2.4564888466914e-03  5.1925239574692e-02  4.9468750728000e-02
  6.9531250000000e+00  2.3583775875728e-03  4.9844419944026e-02  4.7486042356453e-02
  6.9843750000000e+00  2.2631155065636e-03  4.7823628700964e-02  4.5560513194401e-02
  7.0156250000000e+00  2.1706818451003e-03  4.5862365129406e-02  4.3691683284306e-02
  7.0468750000000e+00  2.0810257186959e-03  4.3960063543639e-02  4.1879037824943e-02
  7.0781250000000e+00  1.9941338190043e-03  4.2116097033988e-02  4.0121963214984e-02
  7.1093750000000e+00  1.9099844560242e-03  4.0329781204317e-02  3.8419796748293e-02
  7.1406250000000e+00  1.8284762971084e-03  3.8600377890990e-02  3.6771901593882e-02
  7.1718750000000e+00  1.7496905341939e-03  3.6927098853432e-02  3.5177408319238e-02
  7.2031250000000e+00  1.6734048416420e-03  3.5309109426896e-02  3.3635704585254e-02
  7.2343750000000e+00  1.5998183964623e-03  3.3745532128604e-02  3.2145713732142e-02
  7.2656250000000e+00  1.5285845172973e-03  3.2235450208959e-02  3.0706865691662e-02
  7.2968750000000e+00  1.4600109169182e-03  3.0777911140042e-02  2.9317900223124e-02
  7.3281250000000e+00  1.3936594454587e-03  2.9371930034217e-02  2.7978270588759e-02
  7.3593750000000e+00  1.3298781802860e-03  2.8016492986154e-02  2.6686614805868e-02
  7.3906250000000e+00  1.2682766330871e-03  2.6710560332188e-02  2.5442283699101e-02
  7.4218750000000e+00  1.2089362462764e-03  2.5453069821468e-02  2.4244133575192e-02
  7.4531250000000e+00  1.1523607118293e-03  2.4242939693876e-02  2.3090578982047e-02
  7.4843750000000e+00  1.0956931306526e-03  2.3079071660277e-02  2.1983378529625e-02
  7.5156250000000e+00  1.0471846573871e-03  2.1960353781179e-02  2.0913169123792e-02
  7.5468750000000e+00  9.8974548814878e-04  2.0885663240388e-02  1.9895917752239e-02
  7.5781250000000e+00  9.4916095927607e-04  1.9853869010788e-02  1.8904708051512e-02
  7.6093750000000e+00  8.9421435900398e-04  1.8863834409858e-02  1.7969620050855e-02
  7.6406250000000e+00  8.5663726062704e-04  1.7914419543010e-02  1.7057782282382e-02
  7.6718750000000e+00  8.0861980802179e-04  1.7004483633322e-02  1.6195863825300e-02
  7.7031250000000e+00  7.6882248444489e-04  1.6132887236687e-02  1.5364064752242e-02
  7.7343750000000e+00  7.3362311899959e-04  1.5298494341801e-02  1.4564871222802e-02
  7.7656250000000e+00  6.8359544094600e-04  1.4500174354866e-02  1.3816578913920e-02
  7.7968750000000e+00  6.7126184429248e-04  1.3736803969243e-02  1.3065542124950e-02
  7.8281250000000e+00  5.9797394609713e-04  1.3007268920676e-02  1.2409294974579e-02
  7.8593750000000e+00  6.1964835094239e-04  1.2310465629059e-02  1.1690817278117e-02
  7.8906250000000e+00  5.4165775325193e-04  1.1645302728019e-02  1.1103644974767e-02
  7.9218750000000e+00  4.7045770070761e-04  1.1010702483939e-02  1.0540244783232e-02
  7.9531250000000e+00  4.7209723705017e-04  1.0405602106275e-02  9.9335048692244e-03
  7.9843750000000e+00  1.6121840470251e-03  9.8289549513208e-03  8.2167709042957e-03
