#              Coord.            Numerical           Analytical                Error
  7.8125000000000e-03  2.4938930268270e-03  2.7006800643381e-03  2.0678703751104e-04
  2.3437500000000e-02  3.6740685495977e-03  2.7930426043615e-03  8.8102594523629e-04
  3.9062500000000e-02  4.1526898270662e-03  2.8882113323737e-03  1.2644784946924e-03
  5.4687500000000e-02  4.3308037101021e-03  2.9862582360645e-03  1.3445454740376e-03
  7.0312500000000e-02  4.5224608196127e-03  3.0872566796102e-03  1.4352041400026e-03
  8.5937500000000e-02  4.8323321629451e-03  3.1912814139761e-03  1.6410507489690e-03
  1.0156250000000e-01  5.0700378264603e-03  3.2984085867077e-03  1.7716292397526e-03
  1.1718750000000e-01  5.2717012509872e-03  3.4087157511853e-03  1.8629854998019e-03
  1.3281250000000e-01  5.5542330648729e-03  3.5222818753176e-03  2.0319511895553e-03
  1.4843750000000e-01  5.8261907026369e-03  3.6391873496491e-03  2.1870033529877e-03
  1.6406250000000e-01  6.0086970921776e-03  3.7595139948555e-03  2.2491830973221e-03
  1.7968750000000e-01  6.1524790916472e-03  3.8833450686008e-03  2.2691340230464e-03
  1.9531250000000e-01  6.3182740128030e-03  4.0107652717306e-03  2.3075087410724e-03
  2.1093750000000e-01  6.5140919401914e-03  4.1418607537743e-03  2.3722311864171e-03
  2.2656250000000e-01  6.7253136146521e-03  4.2767191177294e-03  2.4485944969227e-03
  2.4218750000000e-01  6.9427691182998e-03  4.4154294241018e-03  2.5273396941980e-03
  2.5781250000000e-01  7.1648850791141e-03  4.5580821941726e-03  2.6068028849415e-03
  2.7343750000000e-01  7.3924618688170e-03  4.7047694124667e-03  2.6876924563503e-03
  2.8906250000000e-01  7.6261659682037e-03  4.8555845283929e-03  2.7705814398108e-03
  3.0468750000000e-01  7.8662953132594e-03  5.0106224570290e-03  2.8556728562304e-03
  3.2031250000000e-01  8.1130087113757e-03  5.1699795790230e-03  2.9430291323527e-03
  3.3593750000000e-01  8.3664447661611e-03  5.3337537395831e-03  3.0326910265781e-03
  3.5156250000000e-01  8.6267469795808e-03  5.5020442465266e-03  3.1247027330541e-03
  3.6718750000000e-01  8.8940635583542e-03  5.6749518673615e-03  3.2191116909927e-03
  3.8281250000000e-01  9.1685455285476e-03  5.8525788253697e-03  3.3159667031780e-03
  3.9843750000000e-01  9.4503460613968e-03  6.0350287946651e-03  3.4153172667318e-03
  4.1406250000000e-01  9.7396203337398e-03  6.2224068941977e-03  3.5172134395421e-03
  4.2968750000000e-01  1.0036525502876e-02  6.4148196806748e-03  3.6217058222017e-03
  4.4531250000000e-01  1.0341220691776e-02  6.6123751403703e-03  3.7288455514053e-03
  4.6093750000000e-01  1.0653866971330e-02  6.8151826797958e-03  3.8386842915346e-03
  4.7656250000000e-01  1.0974627340009e-02  7.0233531152020e-03  3.9512742248072e-03
  4.9218750000000e-01  1.1303666701479e-02  7.2369986608854e-03  4.0666680405938e-03
  5.0781250000000e-01  1.1641151840341e-02  7.4562329162702e-03  4.1849189240711e-03
  5.2343750000000e-01  1.1987251395972e-02  7.6811708517385e-03  4.3060805442332e-03
  5.3906250000000e-01  1.2342135834430e-02  7.9119287931810e-03  4.4302070412491e-03
  5.5468750000000e-01  1.2705977418404e-02  8.1486244052411e-03  4.5573530131631e-03
  5.7031250000000e-01  1.3078950175148e-02  8.3913766732253e-03  4.6875735019230e-03
  5.8593750000000e-01  1.3461229862383e-02  8.6403058836531e-03  4.8209239787295e-03
  6.0156250000000e-01  1.3852993932123e-02  8.8955336034208e-03  4.9574603287023e-03
  6.1718750000000e-01  1.4254421492401e-02  9.1571826575526e-03  5.0972388348479e-03
  6.3281250000000e-01  1.4665693266838e-02  9.4253771055144e-03  5.2403161613240e-03
  6.4843750000000e-01  1.5086991552062e-02  9.7002422160641e-03  5.3867493359976e-03
  6.6406250000000e-01  1.5518500172894e-02  9.9819044406167e-03  5.5365957322771e-03
  6.7968750000000e-01  1.5960404435329e-02  1.0270491385097e-02  5.6899130502327e-03
  6.9531250000000e-01  1.6412891077233e-02  1.0566131780259e-02  5.8467592969749e-03
  7.1093750000000e-01  1.6876148216754e-02  1.0868955450450e-02  6.0071927663045e-03
  7.2656250000000e-01  1.7350365298413e-02  1.1179093280796e-02  6.1712720176172e-03
  7.4218750000000e-01  1.7835733036852e-02  1.1496677182787e-02  6.3390558540660e-03
  7.5781250000000e-01  1.8332443358214e-02  1.1821840058244e-02  6.5106032999695e-03
  7.7343750000000e-01  1.8840689339118e-02  1.2154715761650e-02  6.6859735774684e-03
  7.8906250000000e-01  1.9360665143243e-02  1.2495439060814e-02  6.8652260824287e-03
  8.0468750000000e-01  1.9892565955452e-02  1.2844145595875e-02  7.0484203595776e-03
  8.2031250000000e-01  2.0436587913484e-02  1.3200971836598e-02  7.2356160768863e-03
  8.3593750000000e-01  2.0992928037159e-02  1.3566055037975e-02  7.4268729991844e-03
  8.5156250000000e-01  2.1561784155114e-02  1.3939533194100e-02  7.6222509610145e-03
  8.6718750000000e-01  2.2143354829026e-02  1.4321544990302e-02  7.8218098387236e-03
  8.8281250000000e-01  2.2737839275329e-02  1.4712229753542e-02  8.0256095217864e-03
  8.9843750000000e-01  2.3345437284411e-02  1.5111727401040e-02  8.2337098833713e-03
  9.1406250000000e-01  2.3966349137287e-02  1.5520178387133e-02  8.4461707501540e-03
  9.2968750000000e-01  2.4600775519723e-02  1.5937723648366e-02  8.6630518713570e-03
  9.4531250000000e-01  2.5248917433836e-02  1.6364504546780e-02  8.8844128870553e-03
  9.6093750000000e-01  2.5910976107138e-02  1.6800662811424e-02  9.1103132957145e-03
  9.7656250000000e-01  2.6587152899057e-02  1.7246340478055e-02  9.3408124210017e-03
  9.9218750000000e-01  2.7277649204900e-02  1.7701679827053e-02  9.5759693778477e-03
  1.0078125000000e+00  2.7982666357293e-02  1.8166823319519e-02  9.8158430377742e-03
  1.0234375000000e+00  2.8702405525095e-02  1.8641913531584e-02  1.0060491993511e-02
  1.0390625000000e+00  2.9437067609783e-02  1.9127093086904e-02  1.0309974522879e-02
  1.0546875000000e+00  3.0186853139345e-02  1.9622504587367e-02  1.0564348551978e-02
  1.0703125000000e+00  3.0951962159669e-02  2.0128290541997e-02  1.0823671617673e-02
  1.0859375000000e+00  3.1732594123465e-02  2.0644593294076e-02  1.1088000829389e-02
  1.1015625000000e+00  3.2528947776724e-02  2.1171554946484e-02  1.1357392830240e-02
  1.1171875000000e+00  3.3341221042740e-02  2.1709317285263e-02  1.1631903757477e-02
  1.1328125000000e+00  3.4169610903746e-02  2.2258021701430e-02  1.1911589202316e-02
  1.1484375000000e+00  3.5014313280126e-02  2.2817809111032e-02  1.2196504169094e-02
  1.1640625000000e+00  3.5875522907303e-02  2.3388819873483e-02  1.2486703033820e-02
  1.1796875000000e+00  3.6753433210319e-02  2.3971193708174e-02  1.2782239502144e-02
  1.1953125000000e+00  3.7648236176087e-02  2.4565069609391e-02  1.3083166566696e-02
  1.2109375000000e+00  3.8560122223434e-02  2.5170585759558e-02  1.3389536463876e-02
  1.2265625000000e+00  3.9489280070924e-02  2.5787879440829e-02  1.3701400630095e-02
  1.2421875000000e+00  4.0435896602533e-02  2.6417086945043e-02  1.4018809657490e-02
  1.2578125000000e+00  4.1400156731189e-02  2.7058343482091e-02  1.4341813249098e-02
  1.2734375000000e+00  4.2382243260254e-02  2.7711783086694e-02  1.4670460173560e-02
  1.2890625000000e+00  4.3382336743028e-02  2.8377538523650e-02  1.5004798219378e-02
  1.3046875000000e+00  4.4400615340250e-02  2.9055741191566e-02  1.5344874148685e-02
  1.3203125000000e+00  4.5437254675728e-02  2.9746521025119e-02  1.5690733650609e-02
  1.3359375000000e+00  4.6492427690141e-02  3.0450006395872e-02  1.6042421294269e-02
  1.3515625000000e+00  4.7566304493066e-02  3.1166324011702e-02  1.6399980481364e-02
  1.3671875000000e+00  4.8659052213306e-02  3.1895598814858e-02  1.6763453398448e-02
  1.3828125000000e+00  4.9770834847570e-02  3.2637953878716e-02  1.7132880968854e-02
  1.3984375000000e+00  5.0901813107649e-02  3.3393510303260e-02  1.7508302804389e-02
  1.4140625000000e+00  5.2052144266062e-02  3.4162387109341e-02  1.7889757156721e-02
  1.4296875000000e+00  5.3221982000333e-02  3.4944701131771e-02  1.8277280868563e-02
  1.4453125000000e+00  5.4411476235947e-02  3.5740566911291e-02  1.8670909324656e-02
  1.4609375000000e+00  5.5620772988094e-02  3.6550096585483e-02  1.9070676402611e-02
  1.4765625000000e+00  5.6850014202253e-02  3.7373399778666e-02  1.9476614423587e-02
  1.4921875000000e+00  5.8099337593746e-02  3.8210583490846e-02  1.9888754102900e-02
  1.5078125000000e+00  5.9368876486338e-02  3.9061751985782e-02  2.0307124500556e-02
  1.5234375000000e+00  6.0658759650002e-02  3.9927006678214e-02  2.0731752971788e-02
  1.5390625000000e+00  6.1969111137902e-02  4.0806446020345e-02  2.1162665117557e-02
  1.5546875000000e+00  6.3300050122773e-02  4.1700165387619e-02  2.1599884735154e-02
  1.5703125000000e+00  6.4651690732724e-02  4.2608256963878e-02  2.2043433768847e-02
  1.5859375000000e+00  6.6024141886637e-02  4.3530809625966e-02  2.2493332260671e-02
  1.6015625000000e+00  6.7417507129245e-02  4.4467908827853e-02  2.2949598301392e-02
  1.6171875000000e+00  6.8831884466006e-02  4.5419636484355e-02  2.3412247981650e-02
  1.6328125000000e+00  7.0267366197886e-02  4.6386070854524e-02  2.3881295343362e-02
  1.6484375000000e+00  7.1724038756217e-02  4.7367286424794e-02  2.4356752331423e-02
  1.6640625000000e+00  7.3201982537659e-02  4.8363353791957e-02  2.4838628745702e-02
  1.6796875000000e+00  7.4701271739489e-02  4.9374339546058e-02  2.5326932193431e-02
  1.6953125000000e+00  7.6221974195301e-02  5.0400306153289e-02  2.5821668042012e-02
  1.7109375000000e+00  7.7764151211229e-02  5.1441311838973e-02  2.6322839372256e-02
  1.7265625000000e+00  7.9327857402864e-02  5.2497410470720e-02  2.6830446932143e-02
  1.7421875000000e+00  8.0913140532960e-02  5.3568651441858e-02  2.7344489091102e-02
  1.7578125000000e+00  8.2520041350121e-02  5.4655079555209e-02  2.7864961794912e-02
  1.7734375000000e+00  8.4148593428555e-02  5.5756734907331e-02  2.8391858521223e-02
  1.7890625000000e+00  8.5798823009013e-02  5.6873652773298e-02  2.8925170235716e-02
  1.8046875000000e+00  8.7470748841174e-02  5.8005863492119e-02  2.9464885349055e-02
  1.8203125000000e+00  8.9164382027472e-02  5.9153392352909e-02  3.0010989674563e-02
  1.8359375000000e+00  9.0879725868619e-02  6.0316259481891e-02  3.0563466386728e-02
  1.8515625000000e+00  9.2616775710897e-02  6.1494479730337e-02  3.1122295980560e-02
  1.8671875000000e+00  9.4375518795421e-02  6.2688062563556e-02  3.1687456231865e-02
  1.8828125000000e+00  9.6155934109499e-02  6.3897011951020e-02  3.2258922158479e-02
  1.8984375000000e+00  9.7957992240237e-02  6.5121326257742e-02  3.2836665982496e-02
  1.9140625000000e+00  9.9781655230514e-02  6.6360998137000e-02  3.3420657093514e-02
  1.9296875000000e+00  1.0162687643757e-01  6.7616014424525e-02  3.4010862013048e-02
  1.9453125000000e+00  1.0349360039424e-01  6.8886356034249e-02  3.4607244359992e-02
  1.9609375000000e+00  1.0538176267304e-01  7.0171997855719e-02  3.5209764817320e-02
  1.9765625000000e+00  1.0729128975332e-01  7.1472908653297e-02  3.5818381100026e-02
  1.9921875000000e+00  1.0922209889153e-01  7.2789050967239e-02  3.6433047924295e-02
  2.0078125000000e+00  1.1117409799480e-01  7.4120381016773e-02  3.7053716978025e-02
  2.0234375000000e+00  1.1314718549799e-01  7.5466848605271e-02  3.7680336892720e-02
  2.0390625000000e+00  1.1514125024441e-01  7.6828397027641e-02  3.8312853216772e-02
  2.0546875000000e+00  1.1715617137026e-01  7.8204962980037e-02  3.8951208390220e-02
  2.0703125000000e+00  1.1919181819298e-01  7.9596476471993e-02  3.9595341720983e-02
  2.0859375000000e+00  1.2124805010374e-01  8.1002860741100e-02  4.0245189362637e-02
  2.1015625000000e+00  1.2332471646413e-01  8.2424032170326e-02  4.0900684293808e-02
  2.1171875000000e+00  1.2542165650724e-01  8.3859900208095e-02  4.1561756299148e-02
  2.1328125000000e+00  1.2753869924322e-01  8.5310367291221e-02  4.2228331951995e-02
  2.1484375000000e+00  1.2967566336954e-01  8.6775328770816e-02  4.2900334598720e-02
  2.1640625000000e+00  1.3183235718613e-01  8.8254672841272e-02  4.3577684344859e-02
  2.1796875000000e+00  1.3400857851541e-01  8.9748280472428e-02  4.4260298042985e-02
  2.1953125000000e+00  1.3620411462743e-01  9.1256025345014e-02  4.4948089282414e-02
  2.2109375000000e+00  1.3841874217028e-01  9.2777773789497e-02  4.5640968380785e-02
  2.2265625000000e+00  1.4065222710590e-01  9.4313384728408e-02  4.6338842377496e-02
  2.2421875000000e+00  1.4290432465137e-01  9.5862709622268e-02  4.7041615029106e-02
  2.2578125000000e+00  1.4517477922588e-01  9.7425592419209e-02  4.7749186806672e-02
  2.2734375000000e+00  1.4746332440346e-01  9.9001869508381e-02  4.8461454895075e-02
  2.2890625000000e+00  1.4976968287163e-01  1.0059136967725e-01  4.9178313194379e-02
  2.3046875000000e+00  1.5209356639614e-01  1.0219391407289e-01  4.9899652323249e-02
  2.3203125000000e+00  1.5443467579176e-01  1.0380931616733e-01  5.0625359624432e-02
  2.3359375000000e+00  1.5679270089940e-01  1.0543738172707e-01  5.1355319172338e-02
  2.3515625000000e+00  1.5916732056967e-01  1.0707790878688e-01  5.2089411782785e-02
  2.3671875000000e+00  1.6155820265284e-01  1.0873068762795e-01  5.2827515024888e-02
  2.3828125000000e+00  1.6396500399544e-01  1.1039550076036e-01  5.3569503235080e-02
  2.3984375000000e+00  1.6638737044363e-01  1.1207212291022e-01  5.4315247533411e-02
  2.4140625000000e+00  1.6882493685331e-01  1.1376032101129e-01  5.5064615842014e-02
  2.4296875000000e+00  1.7127732710710e-01  1.1545985420129e-01  5.5817472905804e-02
  2.4453125000000e+00  1.7374415413839e-01  1.1717047382294e-01  5.6573680315446e-02
  2.4609375000000e+00  1.7622501996246e-01  1.1889192342985e-01  5.7333096532613e-02
  2.4765625000000e+00  1.7871951571468e-01  1.2062393879721e-01  5.8095576917473e-02
  2.4921875000000e+00  1.8122722169597e-01  1.2236624793752e-01  5.8860973758454e-02
  2.5078125000000e+00  1.8374770742561e-01  1.2411857112121e-01  5.9629136304402e-02
  2.5234375000000e+00  1.8628053170136e-01  1.2588062090244e-01  6.0399910798925e-02
  2.5390625000000e+00  1.8882524266700e-01  1.2765210214987e-01  6.1173140517132e-02
  2.5546875000000e+00  1.9138137788737e-01  1.2943271208274e-01  6.1948665804639e-02
  2.5703125000000e+00  1.9394846443097e-01  1.3122214031206e-01  6.2726324118911e-02
  2.5859375000000e+00  1.9652601895997e-01  1.3302006888709e-01  6.3505950072875e-02
  2.6015625000000e+00  1.9911354782804e-01  1.3482617234712e-01  6.4287375480921e-02
  2.6171875000000e+00  2.0171054718566e-01  1.3664011777854e-01  6.5070429407125e-02
  2.6328125000000e+00  2.0431650309313e-01  1.3846156487731e-01  6.5854938215821e-02
  2.6484375000000e+00  2.0693089164123e-01  1.4029016601680e-01  6.6640725624432e-02
  2.6640625000000e+00  2.0955317907962e-01  1.4212556632103e-01  6.7427612758590e-02
  2.6796875000000e+00  2.1218282195288e-01  1.4396740374332e-01  6.8215418209554e-02
  2.6953125000000e+00  2.1481926724422e-01  1.4581530915045e-01  6.9003958093771e-02
  2.7109375000000e+00  2.1746195252699e-01  1.4766890641216e-01  6.9793046114824e-02
  2.7265625000000e+00  2.2011030612362e-01  1.4952781249619e-01  7.0582493627431e-02
  2.7421875000000e+00  2.2276374727248e-01  1.5139163756874e-01  7.1372109703741e-02
  2.7578125000000e+00  2.2542168630216e-01  1.5325998510038e-01  7.2161701201785e-02
  2.7734375000000e+00  2.2808352481335e-01  1.5513245197737e-01  7.2951072835987e-02
  2.7890625000000e+00  2.3074865586837e-01  1.5700862861848e-01  7.3740027249888e-02
  2.8046875000000e+00  2.3341646418802e-01  1.5888809909714e-01  7.4528365090878e-02
  2.8203125000000e+00  2.3608632635603e-01  1.6077044126901e-01  7.5315885087017e-02
  2.8359375000000e+00  2.3875761103069e-01  1.6265522690486e-01  7.6102384125833e-02
  2.8515625000000e+00  2.4142967916398e-01  1.6454202182883e-01  7.6887657335154e-02
  2.8671875000000e+00  2.4410188422774e-01  1.6643038606195e-01  7.7671498165794e-02
  2.8828125000000e+00  2.4677357244705e-01  1.6831987397083e-01  7.8453698476218e-02
  2.8984375000000e+00  2.4944408304067e-01  1.7021003442167e-01  7.9234048619007e-02
  2.9140625000000e+00  2.5211274846838e-01  1.7210041093922e-01  8.0012337529159e-02
  2.9296875000000e+00  2.5477889468516e-01  1.7399054187103e-01  8.0788352814134e-02
  2.9453125000000e+00  2.5744184140213e-01  1.7587996055651e-01  8.1561880845621e-02
  2.9609375000000e+00  2.6010090235404e-01  1.7776819550107e-01  8.2332706852967e-02
  2.9765625000000e+00  2.6275538557325e-01  1.7965477055505e-01  8.3100615018202e-02
  2.9921875000000e+00  2.6540459367013e-01  1.8153920509748e-01  8.3865388572644e-02
  3.0078125000000e+00  2.6804782411950e-01  1.8342101422453e-01  8.4626809894974e-02
  3.0234375000000e+00  2.7068436955329e-01  1.8529970894254e-01  8.5384660610746e-02
  3.0390625000000e+00  2.7331351805900e-01  1.8717479636568e-01  8.6138721693317e-02
  3.0546875000000e+00  2.7593455348390e-01  1.8904577991788e-01  8.6888773566023e-02
  3.0703125000000e+00  2.7854675574491e-01  1.9091215953922e-01  8.7634596205690e-02
  3.0859375000000e+00  2.8114940114369e-01  1.9277343189643e-01  8.8375969247263e-02
  3.1015625000000e+00  2.8374176268716e-01  1.9462909059758e-01  8.9112672089577e-02
  3.1171875000000e+00  2.8632311041284e-01  1.9647862641065e-01  8.9844484002194e-02
  3.1328125000000e+00  2.8889271171923e-01  1.9832152748604e-01  9.0571184233186e-02
  3.1484375000000e+00  2.9144983170069e-01  2.0015727958280e-01  9.1292552117888e-02
  3.1640625000000e+00  2.9399373348683e-01  2.0198536629842e-01  9.2008367188406e-02
  3.1796875000000e+00  2.9652367858608e-01  2.0380526930212e-01  9.2718409283952e-02
  3.1953125000000e+00  2.9903892723331e-01  2.0561646857148e-01  9.3422458661836e-02
  3.2109375000000e+00  3.0153873874126e-01  2.0741844263220e-01  9.4120296109064e-02
  3.2265625000000e+00  3.0402237185546e-01  2.0921066880096e-01  9.4811703054499e-02
  3.2421875000000e+00  3.0648908511259e-01  2.1099262343115e-01  9.5496461681444e-02
  3.2578125000000e+00  3.0893813720183e-01  2.1276378216125e-01  9.6174355040584e-02
  3.2734375000000e+00  3.1136878732918e-01  2.1452362016590e-01  9.6845167163280e-02
  3.2890625000000e+00  3.1378029558431e-01  2.1627161240930e-01  9.7508683175014e-02
  3.3046875000000e+00  3.1617192330987e-01  2.1800723390087e-01  9.8164689409000e-02
  3.3203125000000e+00  3.1854293347278e-01  2.1972995995297e-01  9.8812973519808e-02
  3.3359375000000e+00  3.2089259103756e-01  2.2143926644056e-01  9.9453324596998e-02
  3.3515625000000e+00  3.2322016334107e-01  2.2313463006252e-01  1.0008553327856e-01
  3.3671875000000e+00  3.2552492046875e-01  2.2481552860455e-01  1.0070939186421e-01
  3.3828125000000e+00  3.2780613563183e-01  2.2648144120345e-01  1.0132469442838e-01
  3.3984375000000e+00  3.3006308554534e-01  2.2813184861254e-01  1.0193123693279e-01
  3.4140625000000e+00  3.3229505080674e-01  2.2976623346811e-01  1.0252881733863e-01
  3.4296875000000e+00  3.3450131627474e-01  2.3138408055663e-01  1.0311723571811e-01
  3.4453125000000e+00  3.3668117144804e-01  2.3298487708261e-01  1.0369629436543e-01
  3.4609375000000e+00  3.3883391084390e-01  2.3456811293688e-01  1.0426579790702e-01
  3.4765625000000e+00  3.4095883437606e-01  2.3613328096510e-01  1.0482555341096e-01
  3.4921875000000e+00  3.4305524773175e-01  2.3767987723624e-01  1.0537537049550e-01
  3.5078125000000e+00  3.4512246274768e-01  2.3920740131101e-01  1.0591506143666e-01
  3.5234375000000e+00  3.4715979778450e-01  2.4071535650981e-01  1.0644444127469e-01
  3.5390625000000e+00  3.4916657809961e-01  2.4220325018018e-01  1.0696332791943e-01
  3.5546875000000e+00  3.5114213621793e-01  2.4367059396349e-01  1.0747154225443e-01
  3.5703125000000e+00  3.5308581230043e-01  2.4511690406065e-01  1.0796890823978e-01
  3.5859375000000e+00  3.5499695451009e-01  2.4654170149663e-01  1.0845525301346e-01
  3.6015625000000e+00  3.5687491937502e-01  2.4794451238364e-01  1.0893040699137e-01
  3.6171875000000e+00  3.5871907214842e-01  2.4932486818279e-01  1.0939420396563e-01
  3.6328125000000e+00  3.6052878716521e-01  2.5068230596387e-01  1.0984648120133e-01
  3.6484375000000e+00  3.6230344819486e-01  2.5201636866326e-01  1.1028707953160e-01
  3.6640625000000e+00  3.6404244879041e-01  2.5332660533960e-01  1.1071584345081e-01
  3.6796875000000e+00  3.6574519263305e-01  2.5461257142716e-01  1.1113262120589e-01
  3.6953125000000e+00  3.6741109387241e-01  2.5587382898657e-01  1.1153726488585e-01
  3.7109375000000e+00  3.6903957746188e-01  2.5710994695283e-01  1.1192963050905e-01
  3.7265625000000e+00  3.7063007948896e-01  2.5832050138034e-01  1.1230957810862e-01
  3.7421875000000e+00  3.7218204750031e-01  2.5950507568480e-01  1.1267697181552e-01
  3.7578125000000e+00  3.7369494082118e-01  2.6066326088168e-01  1.1303167993950e-01
  3.7734375000000e+00  3.7516823086898e-01  2.6179465582127e-01  1.1337357504771e-01
  3.7890625000000e+00  3.7660140146084e-01  2.6289886741992e-01  1.1370253404092e-01
  3.8046875000000e+00  3.7799394911473e-01  2.6397551088736e-01  1.1401843822738e-01
  3.8203125000000e+00  3.7934538334409e-01  2.6502420994995e-01  1.1432117339414e-01
  3.8359375000000e+00  3.8065522694554e-01  2.6604459706969e-01  1.1461062987585e-01
  3.8515625000000e+00  3.8192301627954e-01  2.6703631365865e-01  1.1488670262089e-01
  3.8671875000000e+00  3.8314830154384e-01  2.6799901028889e-01  1.1514929125494e-01
  3.8828125000000e+00  3.8433064703928e-01  2.6893234689753e-01  1.1539830014176e-01
  3.8984375000000e+00  3.8546963142796e-01  2.6983599298679e-01  1.1563363844117e-01
  3.9140625000000e+00  3.8656484798335e-01  2.7070962781899e-01  1.1585522016435e-01
  3.9296875000000e+00  3.8761590483232e-01  2.7155294060621e-01  1.1606296422611e-01
  3.9453125000000e+00  3.8862242518878e-01  2.7236563069442e-01  1.1625679449436e-01
  3.9609375000000e+00  3.8958404757871e-01  2.7314740774215e-01  1.1643663983656e-01
  3.9765625000000e+00  3.9050042605654e-01  2.7389799189326e-01  1.1660243416327e-01
  3.9921875000000e+00  3.9137123041246e-01  2.7461711394389e-01  1.1675411646857e-01
  4.0078125000000e+00  3.9219614637081e-01  2.7530451550334e-01  1.1689163086748e-01
  4.0234375000000e+00  3.9297487577901e-01  2.7595994914878e-01  1.1701492663023e-01
  4.0390625000000e+00  3.9370713678715e-01  2.7658317857366e-01  1.1712395821349e-01
  4.0546875000000e+00  3.9439266401808e-01  2.7717397872970e-01  1.1721868528838e-01
  4.0703125000000e+00  3.9503120872757e-01  2.7773213596227e-01  1.1729907276530e-01
  4.0859375000000e+00  3.9562253895481e-01  2.7825744813918e-01  1.1736509081563e-01
  4.1015625000000e+00  3.9616643966281e-01  2.7874972477270e-01  1.1741671489011e-01
  4.1171875000000e+00  3.9666271286874e-01  2.7920878713462e-01  1.1745392573412e-01
  4.1328125000000e+00  3.9711117776399e-01  2.7963446836441e-01  1.1747670939958e-01
  4.1484375000000e+00  3.9751167082401e-01  2.8002661357033e-01  1.1748505725368e-01
  4.1640625000000e+00  3.9786404590766e-01  2.8038507992330e-01  1.1747896598436e-01
  4.1796875000000e+00  3.9816817434607e-01  2.8070973674367e-01  1.1745843760240e-01
  4.1953125000000e+00  3.9842394502097e-01  2.8100046558055e-01  1.1742347944042e-01
  4.2109375000000e+00  3.9863126443233e-01  2.8125716028387e-01  1.1737410414847e-01
  4.2265625000000e+00  3.9879005675534e-01  2.8147972706895e-01  1.1731032968638e-01
  4.2421875000000e+00  3.9890026388659e-01  2.8166808457365e-01  1.1723217931295e-01
  4.2578125000000e+00  3.9896184547959e-01  2.8182216390788e-01  1.1713968157171e-01
  4.2734375000000e+00  3.9897477896927e-01  2.8194190869563e-01  1.1703287027364e-01
  4.2890625000000e+00  3.9893905958586e-01  2.8202727510935e-01  1.1691178447652e-01
  4.3046875000000e+00  3.9885470035777e-01  2.8207823189665e-01  1.1677646846112e-01
  4.3203125000000e+00  3.9872173210368e-01  2.8209476039941e-01  1.1662697170427e-01
  4.3359375000000e+00  3.9854020341376e-01  2.8207685456513e-01  1.1646334884863e-01
  4.3515625000000e+00  3.9831018062014e-01  2.8202452095066e-01  1.1628565966947e-01
  4.3671875000000e+00  3.9803174775642e-01  2.8193777871817e-01  1.1609396903826e-01
  4.3828125000000e+00  3.9770500650660e-01  2.8181665962345e-01  1.1588834688315e-01
  4.3984375000000e+00  3.9733007614310e-01  2.8166120799656e-01  1.1566886814654e-01
  4.4140625000000e+00  3.9690709345429e-01  2.8147148071480e-01  1.1543561273949e-01
  4.4296875000000e+00  3.9643621266123e-01  2.8124754716798e-01  1.1518866549325e-01
  4.4453125000000e+00  3.9591760532403e-01  2.8098948921615e-01  1.1492811610788e-01
  4.4609375000000e+00  3.9535146023763e-01  2.8069740113976e-01  1.1465405909787e-01
  4.4765625000000e+00  3.9473798331729e-01  2.8037138958219e-01  1.1436659373510e-01
  4.4921875000000e+00  3.9407739747373e-01  2.8001157348491e-01  1.1406582398882e-01
  4.5078125000000e+00  3.9336994247819e-01  2.7961808401514e-01  1.1375185846305e-01
  4.5234375000000e+00  3.9261587481735e-01  2.7919106448616e-01  1.1342481033119e-01
  4.5390625000000e+00  3.9181546753840e-01  2.7873067027033e-01  1.1308479726808e-01
  4.5546875000000e+00  3.9096901008424e-01  2.7823706870486e-01  1.1273194137938e-01
  4.5703125000000e+00  3.9007680811903e-01  2.7771043899046e-01  1.1236636912857e-01
  4.5859375000000e+00  3.8913918334429e-01  2.7715097208292e-01  1.1198821126138e-01
  4.6015625000000e+00  3.8815647330558e-01  2.7655887057769e-01  1.1159760272789e-01
  4.6171875000000e+00  3.8712903118998e-01  2.7593434858767e-01  1.1119468260230e-01
  4.6328125000000e+00  3.8605722561457e-01  2.7527763161412e-01  1.1077959400045e-01
  4.6484375000000e+00  3.8494144040609e-01  2.7458895641102e-01  1.1035248399507e-01
  4.6640625000000e+00  3.8378207437184e-01  2.7386857084278e-01  1.0991350352905e-01
  4.6796875000000e+00  3.8257954106222e-01  2.7311673373566e-01  1.0946280732656e-01
  4.6953125000000e+00  3.8133426852493e-01  2.7233371472273e-01  1.0900055380220e-01
  4.7109375000000e+00  3.8004669905108e-01  2.7151979408279e-01  1.0852690496829e-01
  4.7265625000000e+00  3.7871728891352e-01  2.7067526257317e-01  1.0804202634034e-01
  4.7421875000000e+00  3.7734650809745e-01  2.6980042125672e-01  1.0754608684072e-01
  4.7578125000000e+00  3.7593484002363e-01  2.6889558132294e-01  1.0703925870070e-01
  4.7734375000000e+00  3.7448278126447e-01  2.6796106390357e-01  1.0652171736089e-01
  4.7890625000000e+00  3.7299084125298e-01  2.6699719988278e-01  1.0599364137020e-01
  4.8046875000000e+00  3.7145954198524e-01  2.6600432970193e-01  1.0545521228331e-01
  4.8203125000000e+00  3.6988941771619e-01  2.6498280315933e-01  1.0490661455686e-01
  4.8359375000000e+00  3.6828101464931e-01  2.6393297920496e-01  1.0434803544435e-01
  4.8515625000000e+00  3.6663489062024e-01  2.6285522573041e-01  1.0377966488982e-01
  4.8671875000000e+00  3.6495161477476e-01  2.6174991935422e-01  1.0320169542054e-01
  4.8828125000000e+00  3.6323176724128e-01  2.6061744520269e-01  1.0261432203859e-01
  4.8984375000000e+00  3.6147593879807e-01  2.5945819668653e-01  1.0201774211154e-01
  4.9140625000000e+00  3.5968473053564e-01  2.5827257527329e-01  1.0141215526235e-01
  4.9296875000000e+00  3.5785875351446e-01  2.5706099025603e-01  1.0079776325843e-01
  4.9453125000000e+00  3.5599862841821e-01  2.5582385851811e-01  1.0017476990010e-01
  4.9609375000000e+00  3.5410498520297e-01  2.5456160429456e-01  9.9543380908408e-02
  4.9765625000000e+00  3.5217846274264e-01  2.5327465893010e-01  9.8903803812544e-02
  4.9921875000000e+00  3.5021970847063e-01  2.5196346063392e-01  9.8256247836716e-02
  5.0078125000000e+00  3.4822937801845e-01  2.5062845423161e-01  9.7600923786836e-02
  5.0234375000000e+00  3.4620813485117e-01  2.4927009091430e-01  9.6938043936872e-02
  5.0390625000000e+00  3.4415664990029e-01  2.4788882798520e-01  9.6267821915086e-02
  5.0546875000000e+00  3.4207560119403e-01  2.4648512860383e-01  9.5590472590198e-02
  5.0703125000000e+00  3.3996567348561e-01  2.4505946152805e-01  9.4906211957568e-02
  5.0859375000000e+00  3.3782755787960e-01  2.4361230085415e-01  9.4215257025451e-02
  5.1015625000000e+00  3.3566195145670e-01  2.4214412575520e-01  9.3517825701500e-02
  5.1171875000000e+00  3.3346955689719e-01  2.4065542021776e-01  9.2814136679438e-02
  5.1328125000000e+00  3.3125108210347e-01  2.3914667277732e-01  9.2104409326154e-02
  5.1484375000000e+00  3.2900723982174e-01  2.3761837625255e-01  9.1388863569191e-02
  5.1640625000000e+00  3.2673874726332e-01  2.3607102747857e-01  9.0667719784750e-02
  5.1796875000000e+00  3.2444632572577e-01  2.3450512703951e-01  8.9941198686264e-02
  5.1953125000000e+00  3.2213070021409e-01  2.3292117900046e-01  8.9209521213633e-02
  5.2109375000000e+00  3.1979259906234e-01  2.3131969063912e-01  8.8472908423218e-02
  5.2265625000000e+00  3.1743275355592e-01  2.2970117217728e-01  8.7731581378640e-02
  5.2421875000000e+00  3.1505189755471e-01  2.2806613651229e-01  8.6985761042423e-02
  5.2578125000000e+00  3.1265076711749e-01  2.2641509894882e-01  8.6235668168676e-02
  5.2734375000000e+00  3.1023010012775e-01  2.2474857693103e-01  8.5481523196725e-02
  5.2890625000000e+00  3.0779063592124e-01  2.2306708977537e-01  8.4723546145872e-02
  5.3046875000000e+00  3.0533311491553e-01  2.2137115840418e-01  8.3961956511356e-02
  5.3203125000000e+00  3.0285827824178e-01  2.1966130508029e-01  8.3196973161491e-02
  5.3359375000000e+00  3.0036686737893e-01  2.1793805314281e-01  8.2428814236120e-02
  5.3515625000000e+00  2.9785962379075e-01  2.1620192674430e-01  8.1657697046448e-02
  5.3671875000000e+00  2.9533728856578e-01  2.1445345058949e-01  8.0883837976285e-02
  5.3828125000000e+00  2.9280060206045e-01  2.1269314967571e-01  8.0107452384740e-02
  5.3984375000000e+00  2.9025030354573e-01  2.1092154903522e-01  7.9328754510508e-02
  5.4140625000000e+00  2.8768713085741e-01  2.0913917347970e-01  7.8547957377714e-02
  5.4296875000000e+00  2.8511182005025e-01  2.0734654734684e-01  7.7765272703405e-02
  5.4453125000000e+00  2.8252510505628e-01  2.0554419424951e-01  7.6980910806775e-02
  5.4609375000000e+00  2.7992771734743e-01  2.0373263682735e-01  7.6195080520084e-02
  5.4765625000000e+00  2.7732038560266e-01  2.0191239650122e-01  7.5407989101433e-02
  5.4921875000000e+00  2.7470383537983e-01  2.0008399323047e-01  7.4619842149350e-02
  5.5078125000000e+00  2.7207878879253e-01  1.9824794527327e-01  7.3830843519258e-02
  5.5234375000000e+00  2.6944596419204e-01  1.9640476895011e-01  7.3041195241925e-02
  5.5390625000000e+00  2.6680607585449e-01  1.9455497841070e-01  7.2251097443788e-02
  5.5546875000000e+00  2.6415983367362e-01  1.9269908540424e-01  7.1460748269386e-02
  5.5703125000000e+00  2.6150794285918e-01  1.9083759905338e-01  7.0670343805796e-02
  5.5859375000000e+00  2.5885110364099e-01  1.8897102563191e-01  6.9880078009080e-02
  5.6015625000000e+00  2.5619001097922e-01  1.8709986834622e-01  6.9090142632992e-02
  5.6171875000000e+00  2.5352535428059e-01  1.8522462712093e-01  6.8300727159658e-02
  5.6328125000000e+00  2.5085781712090e-01  1.8334579838840e-01  6.7512018732505e-02
  5.6484375000000e+00  2.4818807697405e-01  1.8146387488264e-01  6.6724202091405e-02
  5.6640625000000e+00  2.4551680494744e-01  1.7957934543748e-01  6.5937459509961e-02
  5.6796875000000e+00  2.4284466552414e-01  1.7769269478911e-01  6.5151970735039e-02
  5.6953125000000e+00  2.4017231631186e-01  1.7580440338323e-01  6.4367912928631e-02
  5.7109375000000e+00  2.3750040779863e-01  1.7391494718679e-01  6.3585460611832e-02
  5.7265625000000e+00  2.3482958311573e-01  1.7202479750444e-01  6.2804785611284e-02
  5.7421875000000e+00  2.3216047780748e-01  1.7013442079975e-01  6.2026057007732e-02
  5.7578125000000e+00  2.2949371960832e-01  1.6824427852129e-01  6.1249441087025e-02
  5.7734375000000e+00  2.2682992822711e-01  1.6635482693376e-01  6.0475101293344e-02
  5.7890625000000e+00  2.2416971513877e-01  1.6446651695399e-01  5.9703198184775e-02
  5.8046875000000e+00  2.2151368338330e-01  1.6257979399209e-01  5.8933889391210e-02
  5.8203125000000e+00  2.1886242737229e-01  1.6069509779775e-01  5.8167329574542e-02
  5.8359375000000e+00  2.1621653270290e-01  1.5881286231167e-01  5.7403670391229e-02
  5.8515625000000e+00  2.1357657597941e-01  1.5693351552230e-01  5.6643060457117e-02
  5.8671875000000e+00  2.1094312464237e-01  1.5505747932778e-01  5.5885645314590e-02
  5.8828125000000e+00  2.0831673680544e-01  1.5318516940330e-01  5.5131567402138e-02
  5.8984375000000e+00  2.0569796109972e-01  1.5131699507370e-01  5.4380966026022e-02
  5.9140625000000e+00  2.0308733652596e-01  1.4945335919154e-01  5.3633977334419e-02
  5.9296875000000e+00  2.0048539231426e-01  1.4759465802052e-01  5.2890734293736e-02
  5.9453125000000e+00  1.9789264779162e-01  1.4574128112440e-01  5.2151366667223e-02
  5.9609375000000e+00  1.9530961225708e-01  1.4389361126123e-01  5.1416000995856e-02
  5.9765625000000e+00  1.9273678486459e-01  1.4205202428318e-01  5.0684760581406e-02
  5.9921875000000e+00  1.9017465451350e-01  1.4021688904171e-01  4.9957765471789e-02
  6.0078125000000e+00  1.8762369974674e-01  1.3838856729823e-01  4.9235132448513e-02
  6.0234375000000e+00  1.8508438865664e-01  1.3656741364023e-01  4.8516975016407e-02
  6.0390625000000e+00  1.8255717879821e-01  1.3475377540281e-01  4.7803403395401e-02
  6.0546875000000e+00  1.8004251711017e-01  1.3294799259565e-01  4.7094524514525e-02
  6.0703125000000e+00  1.7754083984332e-01  1.3115039783540e-01  4.6390442007915e-02
  6.0859375000000e+00  1.7505257249638e-01  1.2936131628345e-01  4.5691256212930e-02
  6.1015625000000e+00  1.7257812975936e-01  1.2758106558903e-01  4.4997064170337e-02
  6.1171875000000e+00  1.7011791546408e-01  1.2580995583764e-01  4.4307959626440e-02
  6.1328125000000e+00  1.6767232254209e-01  1.2404828950484e-01  4.3624033037250e-02
  6.1484375000000e+00  1.6524173298975e-01  1.2229636141519e-01  4.2945371574560e-02
  6.1640625000000e+00  1.6282651784039e-01  1.2055445870644e-01  4.2272059133949e-02
  6.1796875000000e+00  1.6042703714360e-01  1.1882286079895e-01  4.1604176344651e-02
  6.1953125000000e+00  1.5804363995134e-01  1.1710183937007e-01  4.0941800581271e-02
  6.2109375000000e+00  1.5567666431103e-01  1.1539165833373e-01  4.0285005977308e-02
  6.2265625000000e+00  1.5332643726537e-01  1.1369257382494e-01  3.9633863440429e-02
  6.2421875000000e+00  1.5099327485873e-01  1.1200483418925e-01  3.8988440669475e-02
  6.2578125000000e+00  1.4867748215024e-01  1.1032867997710e-01  3.8348802173146e-02
  6.2734375000000e+00  1.4637935323327e-01  1.0866434394293e-01  3.7715009290342e-02
  6.2890625000000e+00  1.4409917126116e-01  1.0701205104908e-01  3.7087120212083e-02
  6.3046875000000e+00  1.4183720847936e-01  1.0537201847433e-01  3.6465190005028e-02
  6.3203125000000e+00  1.3959372626349e-01  1.0374445562701e-01  3.5849270636474e-02
  6.3359375000000e+00  1.3736897516346e-01  1.0212956416263e-01  3.5239411000833e-02
  6.3515625000000e+00  1.3516319495347e-01  1.0052753800591e-01  3.4635656947563e-02
  6.3671875000000e+00  1.3297661468769e-01  9.8938563377223e-02  3.4038051310470e-02
  6.3828125000000e+00  1.3080945276152e-01  9.7362818823188e-02  3.3446633938333e-02
  6.3984375000000e+00  1.2866191697836e-01  9.5800475251500e-02  3.2861441726855e-02
  6.4140625000000e+00  1.2653420462164e-01  9.4251695969801e-02  3.2282508651840e-02
  6.4296875000000e+00  1.2442650253214e-01  9.2716636728546e-02  3.1709865803597e-02
  6.4453125000000e+00  1.2233898719020e-01  9.1195445767740e-02  3.1143541422461e-02
  6.4609375000000e+00  1.2027182480295e-01  8.9688263867471e-02  3.0583560935480e-02
  6.4765625000000e+00  1.1822517139625e-01  8.8195224402134e-02  3.0029946994113e-02
  6.4921875000000e+00  1.1619917291120e-01  8.6716453398235e-02  2.9482719512969e-02
  6.5078125000000e+00  1.1419396530525e-01  8.5252069595692e-02  2.8941895709554e-02
  6.5234375000000e+00  1.1220967465738e-01  8.3802184512520e-02  2.8407490144858e-02
  6.5390625000000e+00  1.1024641727770e-01  8.2366902512795e-02  2.7879514764905e-02
  6.5546875000000e+00  1.0830429982088e-01  8.0946320877794e-02  2.7357978943081e-02
  6.5703125000000e+00  1.0638341940350e-01  7.9540529880216e-02  2.6842889523283e-02
  6.5859375000000e+00  1.0448386372511e-01  7.8149612861351e-02  2.6334250863761e-02
  6.6015625000000e+00  1.0260571119285e-01  7.6773646311127e-02  2.5832064881719e-02
  6.6171875000000e+00  1.0074903104940e-01  7.5412699950889e-02  2.5336331098514e-02
  6.6328125000000e+00  9.8913883504287e-02  7.4066836818830e-02  2.4847046685457e-02
  6.6484375000000e+00  9.7100319868162e-02  7.2736113357953e-02  2.4364206510209e-02
  6.6640625000000e+00  9.5308382690114e-02  7.1420579506459e-02  2.3887803183655e-02
  6.6796875000000e+00  9.3538105897715e-02  7.0120278790445e-02  2.3417827107270e-02
  6.6953125000000e+00  9.1789514939707e-02  6.8835248418815e-02  2.2954266520891e-02
  6.7109375000000e+00  9.0062626931189e-02  6.7565519380288e-02  2.2497107550900e-02
  6.7265625000000e+00  8.8357450801085e-02  6.6311116542393e-02  2.2046334258691e-02
  6.7421875000000e+00  8.6673987441861e-02  6.5072058752347e-02  2.1601928689515e-02
  6.7578125000000e+00  8.5012229861207e-02  6.3848358939703e-02  2.1163870921504e-02
  6.7734375000000e+00  8.3372163335632e-02  6.2640024220671e-02  2.0732139114961e-02
  6.7890625000000e+00  8.1753765565785e-02  6.1447056003994e-02  2.0306709561791e-02
  6.8046875000000e+00  8.0157006833364e-02  6.0269450098269e-02  1.9887556735095e-02
  6.8203125000000e+00  7.8581850159483e-02  5.9107196820633e-02  1.9474653338850e-02
  6.8359375000000e+00  7.7028251464306e-02  5.7960281106676e-02  1.9067970357630e-02
  6.8515625000000e+00  7.5496159727862e-02  5.6828682621502e-02  1.8667477106361e-02
  6.8671875000000e+00  7.3985517151887e-02  5.5712375871825e-02  1.8273141280062e-02
  6.8828125000000e+00  7.2496259322554e-02  5.4611330319001e-02  1.7884929003553e-02
  6.8984375000000e+00  7.1028315373906e-02  5.3525510492894e-02  1.7502804881012e-02
  6.9140625000000e+00  6.9581608151958e-02  5.2454876106479e-02  1.7126732045479e-02
  6.9296875000000e+00  6.8156054379251e-02  5.1399382171086e-02  1.6756672208165e-02
  6.9453125000000e+00  6.6751564819766e-02  5.0358979112184e-02  1.6392585707582e-02
  6.9609375000000e+00  6.5368044444081e-02  4.9333612885613e-02  1.6034431558468e-02
  6.9765625000000e+00  6.4005392594586e-02  4.8323225094171e-02  1.5682167500415e-02
  6.9921875000000e+00  6.2663503150749e-02  4.7327753104463e-02  1.5335750046286e-02
  7.0078125000000e+00  6.1342264694183e-02  4.6347130163927e-02  1.4995134530256e-02
  7.0234375000000e+00  6.0041560673481e-02  4.5381285517937e-02  1.4660275155544e-02
  7.0390625000000e+00  5.8761269568689e-02  4.4430144526907e-02  1.4331125041782e-02
  7.0546875000000e+00  5.7501265055304e-02  4.3493628783312e-02  1.4007636271992e-02
  7.0703125000000e+00  5.6261416167645e-02  4.2571656228535e-02  1.3689759939111e-02
  7.0859375000000e+00  5.5041587461577e-02  4.1664141269459e-02  1.3377446192118e-02
  7.1015625000000e+00  5.3841639176425e-02  4.0770994894740e-02  1.3070644281685e-02
  7.1171875000000e+00  5.2661427395968e-02  3.9892124790658e-02  1.2769302605310e-02
  7.1328125000000e+00  5.1500804208460e-02  3.9027435456498e-02  1.2473368751961e-02
  7.1484375000000e+00  5.0359617865567e-02  3.8176828319369e-02  1.2182789546199e-02
  7.1640625000000e+00  4.9237712940112e-02  3.7340201848391e-02  1.1897511091721e-02
  7.1796875000000e+00  4.8134930482552e-02  3.6517451668200e-02  1.1617478814353e-02
  7.1953125000000e+00  4.7051108176113e-02  3.5708470671671e-02  1.1342637504443e-02
  7.2109375000000e+00  4.5986080490485e-02  3.4913149131829e-02  1.1072931358657e-02
  7.2265625000000e+00  4.4939678833997e-02  3.4131374812859e-02  1.0808304021138e-02
  7.2421875000000e+00  4.3911731704221e-02  3.3363033080169e-02  1.0548698624052e-02
  7.2578125000000e+00  4.2902064836876e-02  3.2608007009439e-02  1.0294057827437e-02
  7.2734375000000e+00  4.1910501353054e-02  3.1866177494607e-02  1.0044323858447e-02
  7.2890625000000e+00  4.0936861904602e-02  3.1137423354731e-02  9.7994385498709e-03
  7.3046875000000e+00  3.9980964817643e-02  3.0421621439682e-02  9.5593433779609e-03
  7.3203125000000e+00  3.9042626234212e-02  2.9718646734612e-02  9.3239794995994e-03
  7.3359375000000e+00  3.8121660251859e-02  2.9028372463149e-02  9.0932877887101e-03
  7.3515625000000e+00  3.7217879061251e-02  2.8350670189283e-02  8.8672088719679e-03
  7.3671875000000e+00  3.6331093081683e-02  2.7685409917885e-02  8.6456831637984e-03
  7.3828125000000e+00  3.5461111094429e-02  2.7032460193833e-02  8.4286509005966e-03
  7.3984375000000e+00  3.4607740373938e-02  2.6391688199694e-02  8.2160521742436e-03
  7.4140625000000e+00  3.3770786816775e-02  2.5762959851930e-02  8.0078269648453e-03
  7.4296875000000e+00  3.2950055068345e-02  2.5146139895595e-02  7.8039151727499e-03
  7.4453125000000e+00  3.2145348647251e-02  2.4541091997487e-02  7.6042566497641e-03
  7.4609375000000e+00  3.1356470067368e-02  2.3947678837724e-02  7.4087912296441e-03
  7.4765625000000e+00  3.0583220957526e-02  2.3365762199720e-02  7.2174587578056e-03
  7.4921875000000e+00  2.9825402178789e-02  2.2795203058530e-02  7.0301991202592e-03
  7.5078125000000e+00  2.9082813939337e-02  2.2235861667541e-02  6.8469522717970e-03
  7.5234375000000e+00  2.8355255906875e-02  2.1687597643483e-02  6.6676582633913e-03
  7.5390625000000e+00  2.7642527318595e-02  2.1150270049754e-02  6.4922572688407e-03
  7.5546875000000e+00  2.6944427088637e-02  2.0623737478013e-02  6.3206896106242e-03
  7.5703125000000e+00  2.6260753913085e-02  2.0107858128054e-02  6.1528957850315e-03
  7.5859375000000e+00  2.5591306372415e-02  1.9602489885926e-02  5.9888164864893e-03
  7.6015625000000e+00  2.4935883031100e-02  1.9107490400296e-02  5.8283926308043e-03
  7.6171875000000e+00  2.4294282532306e-02  1.8622717157036e-02  5.6715653752698e-03
  7.6328125000000e+00  2.3666303684246e-02  1.8148027552037e-02  5.5182761322096e-03
  7.6484375000000e+00  2.3051745572568e-02  1.7683278962223e-02  5.3684666103448e-03
  7.6640625000000e+00  2.2450407967962e-02  1.7228328814782e-02  5.2220791531800e-03
  7.6796875000000e+00  2.1862092623749e-02  1.6783034654591e-02  5.0790579691580e-03
  7.6953125000000e+00  2.1286602994773e-02  1.6347254209842e-02  4.9393487849306e-03
  7.7109375000000e+00  2.0723722636475e-02  1.5920845455864e-02  4.8028771806108e-03
  7.7265625000000e+00  2.0173140021966e-02  1.5503666677145e-02  4.6694733448214e-03
  7.7421875000000e+00  1.9634479417450e-02  1.5095576527550e-02  4.5389028899005e-03
  7.7578125000000e+00  1.9108228714005e-02  1.4696434088748e-02  4.4117946252572e-03
  7.7734375000000e+00  1.8597732115427e-02  1.4306098926842e-02  4.2916331885848e-03
  7.7890625000000e+00  1.8105670644125e-02  1.3924431147214e-02  4.1812394969107e-03
  7.8046875000000e+00  1.7614020678653e-02  1.3551291447597e-02  4.0627292310563e-03
  7.8203125000000e+00  1.7077640915224e-02  1.3186541169366e-02  3.8910997458576e-03
  7.8359375000000e+00  1.6516324387806e-02  1.2830042347088e-02  3.6862820407189e-03
  7.8515625000000e+00  1.6103951408462e-02  1.2481657756303e-02  3.6222936521594e-03
  7.8671875000000e+00  1.5902374983747e-02  1.2141250959590e-02  3.7611240241572e-03
  7.8828125000000e+00  1.5617209474955e-02  1.1808686350897e-02  3.8085231240576e-03
  7.8984375000000e+00  1.5189715095854e-02  1.1483829198169e-02  3.7058858976846e-03
  7.9140625000000e+00  1.4820495714104e-02  1.1166545684288e-02  3.6539500298161e-03
  7.9296875000000e+00  1.4136720215923e-02  1.0856702946333e-02  3.2800172695907e-03
  7.9453125000000e+00  1.3226614265953e-02  1.0554169113187e-02  2.6724451527663e-03
  7.9609375000000e+00  1.2515113699648e-02  1.0258813341506e-02  2.2563003581425e-03
  7.9765625000000e+00  1.1133316037363e-02  9.9705058500661e-03  1.1628101872967e-03
  7.9921875000000e+00  7.1633491112472e-03  9.6891179525177e-03  2.5257688412705e-03
