#              Coord.            Numerical           Analytical                Error
  1.5625000000000e-02  7.6551134352947e-05  2.7465150066045e-03  2.6699638722516e-03
  4.6875000000000e-02  1.7407814179584e-04  2.9368704593829e-03  2.7627923175870e-03
  7.8125000000000e-02  3.2731507684805e-04  3.1388860340625e-03  2.8115709572144e-03
  1.0937500000000e-01  2.9419626508224e-04  3.3531597677349e-03  3.0589635026527e-03
  1.4062500000000e-01  3.1575140667235e-04  3.5803121135185e-03  3.2645607068461e-03
  1.7187500000000e-01  3.3556622501495e-04  3.8209862182504e-03  3.4854199932354e-03
  2.0312500000000e-01  3.5520847646394e-04  4.0758481618175e-03  3.7206396853536e-03
  2.3437500000000e-01  3.7617839416258e-04  4.3455871548032e-03  3.9694087606406e-03
  2.6562500000000e-01  3.9814537844526e-04  4.6309156910503e-03  4.2327703126051e-03
  2.9687500000000e-01  4.2119908978650e-04  4.9325696516737e-03  4.5113705618872e-03
  3.2812500000000e-01  4.4537518032952e-04  5.2513083569942e-03  4.8059331766647e-03
  3.5937500000000e-01  4.7071474507059e-04  5.5879145628194e-03  5.1171998177488e-03
  3.9062500000000e-01  4.9725923638138e-04  5.9431943974578e-03  5.4459351610765e-03
  4.2187500000000e-01  5.2505071018653e-04  6.3179772358278e-03  5.7929265256413e-03
  4.5312500000000e-01  5.5413176793651e-04  6.7131155070108e-03  6.1589837390743e-03
  4.8437500000000e-01  5.8454550539400e-04  7.1294844315991e-03  6.5449389262051e-03
  5.1562500000000e-01  6.1633545722852e-04  7.5679816852055e-03  6.9516462279770e-03
  5.4687500000000e-01  6.4954553757000e-04  8.0295269845340e-03  7.3799814469640e-03
  5.7812500000000e-01  6.8421997647354e-04  8.5150615924578e-03  7.8308416159842e-03
  6.0937500000000e-01  7.2040325226035e-04  9.0255477386193e-03  8.3051444863589e-03
  6.4062500000000e-01  7.5814001971178e-04  9.5619679521484e-03  8.8038279324366e-03
  6.7187500000000e-01  7.9747503410563e-04  1.0125324303198e-02  9.3278492690928e-03
  7.0312500000000e-01  8.3845307109927e-04  1.0716637550122e-02  9.8781844790224e-03
  7.3437500000000e-01  8.8111884247186e-04  1.1336946189249e-02  1.0455827346777e-02
  7.6562500000000e-01  9.2551690776383e-04  1.1987305404399e-02  1.1061788496635e-02
  7.9687500000000e-01  9.7169158185395e-04  1.2668785913430e-02  1.1697094331576e-02
  8.2812500000000e-01  1.0196868385407e-03  1.3382472709344e-02  1.2362785870803e-02
  8.5937500000000e-01  1.0695462102048e-03  1.4129463693701e-02  1.3059917483496e-02
  8.9062500000000e-01  1.1213126836479e-03  1.4910868200317e-02  1.3789555516669e-02
  9.2187500000000e-01  1.1750285922242e-03  1.5727805407525e-02  1.4552776815301e-02
  9.5312500000000e-01  1.2307355043901e-03  1.6581402637558e-02  1.5350667133168e-02
  9.8437500000000e-01  1.2884741088242e-03  1.7472793541914e-02  1.6184319433090e-02
  1.0156250000000e+00  1.3482840962874e-03  1.8403116171934e-02  1.7054832075646e-02
  1.0468750000000e+00  1.4102040383967e-03  1.9373510934157e-02  1.7963306895760e-02
  1.0781250000000e+00  1.4742712635366e-03  2.0385118430404e-02  1.8910847166867e-02
  1.1093750000000e+00  1.5405217301060e-03  2.1439077182952e-02  1.9898555452846e-02
  1.1406250000000e+00  1.6089898973706e-03  2.2536521245573e-02  2.0927531348202e-02
  1.1718750000000e+00  1.6797085941491e-03  2.3678577701653e-02  2.1998869107504e-02
  1.2031250000000e+00  1.7527088856442e-03  2.4866364051074e-02  2.3113655165429e-02
  1.2343750000000e+00  1.8280199386882e-03  2.6100985488007e-02  2.4272965549319e-02
  1.2656250000000e+00  1.9056688857336e-03  2.7383532072264e-02  2.5477863186530e-02
  1.2968750000000e+00  1.9856806879157e-03  2.8715075797354e-02  2.6729395109439e-02
  1.3281250000000e+00  2.0680779975324e-03  3.0096667558922e-02  2.8028589561390e-02
  1.3593750000000e+00  2.1528810203168e-03  3.1529334027758e-02  2.9376453007441e-02
  1.3906250000000e+00  2.2401073778694e-03  3.3014074432122e-02  3.0773967054253e-02
  1.4218750000000e+00  2.3297719706520e-03  3.4551857254675e-02  3.2222085284023e-02
  1.4531250000000e+00  2.4218868419605e-03  3.6143616849832e-02  3.3721730007871e-02
  1.4843750000000e+00  2.5164610432785e-03  3.7790249987948e-02  3.5273788944670e-02
  1.5156250000000e+00  2.6135005014671e-03  3.9492612333278e-02  3.6879111831811e-02
  1.5468750000000e+00  2.7130078882126e-03  4.1251514863196e-02  3.8538506974983e-02
  1.5781250000000e+00  2.8149824922139e-03  4.3067720236735e-02  4.0252737744522e-02
  1.6093750000000e+00  2.9194200945389e-03  4.4941939121036e-02  4.2022519026497e-02
  1.6406250000000e+00  3.0263128476390e-03  4.6874826484811e-02  4.3848513637172e-02
  1.6718750000000e+00  3.1356491584935e-03  4.8866977868478e-02  4.5731328709985e-02
  1.7031250000000e+00  3.2474135763450e-03  5.0918925641097e-02  4.7671512064752e-02
  1.7343750000000e+00  3.3615866855220e-03  5.3031135254740e-02  4.9669548569218e-02
  1.7656250000000e+00  3.4781450038103e-03  5.5204001507382e-02  5.1725856503572e-02
  1.7968750000000e+00  3.5970608868621e-03  5.7437844825846e-02  5.3840783938984e-02
  1.8281250000000e+00  3.7183024391063e-03  5.9732907580734e-02  5.6014605141627e-02
  1.8593750000000e+00  3.8418334316293e-03  6.2089350445670e-02  5.8247517014040e-02
  1.8906250000000e+00  3.9676132274870e-03  6.4507248813528e-02  6.0539635586041e-02
  1.9218750000000e+00  4.0955967148947e-03  6.6986589282606e-02  6.2890992567711e-02
  1.9531250000000e+00  4.2257342487370e-03  6.9527266226015e-02  6.5301531977278e-02
  1.9843750000000e+00  4.3579716008178e-03  7.2129078457750e-02  6.7771106856932e-02
  2.0156250000000e+00  4.4922499192617e-03  7.4791726009108e-02  7.0299476089846e-02
  2.0468750000000e+00  4.6285056974705e-03  7.7514807029260e-02  7.2886301331790e-02
  2.0781250000000e+00  4.7666707529790e-03  8.0297814823862e-02  7.5531144070883e-02
  2.1093750000000e+00  4.9066722165909e-03  8.3140135045625e-02  7.8233462829034e-02
  2.1406250000000e+00  5.0484325321168e-03  8.6041043050764e-02  8.0992610518647e-02
  2.1718750000000e+00  5.1918694669992e-03  8.8999701435145e-02  8.3807831968145e-02
  2.2031250000000e+00  5.3368961341239e-03  9.2015157763835e-02  8.6678261629712e-02
  2.2343750000000e+00  5.4834210250495e-03  9.5086342507575e-02  8.9602921482525e-02
  2.2656250000000e+00  5.6313480548880e-03  9.8212067199411e-02  9.2580719144523e-02
  2.2968750000000e+00  5.7805766189964e-03  1.0139102282446e-01  9.5610446205467e-02
  2.3281250000000e+00  5.9310016616647e-03  1.0462177845537e-01  9.8690776793705e-02
  2.3593750000000e+00  6.0825137568849e-03  1.0790278014557e-01  1.0182026638869e-01
  2.3906250000000e+00  6.2349992012997e-03  1.1123235009205e-01  1.0499735089075e-01
  2.4218750000000e+00  6.3883401193764e-03  1.1460868607861e-01  1.0822034595923e-01
  2.4531250000000e+00  6.5424145807932e-03  1.1802986121014e-01  1.1148744662935e-01
  2.4843750000000e+00  6.6970967300248e-03  1.2149382394766e-01  1.1479672721764e-01
  2.5156250000000e+00  6.8522569280310e-03  1.2499839845311e-01  1.1814614152508e-01
  2.5468750000000e+00  7.0077619059534e-03  1.2854128525213e-01  1.2153352334618e-01
  2.5781250000000e+00  7.1634749306429e-03  1.3212006222228e-01  1.2495658729164e-01
  2.6093750000000e+00  7.3192559818388e-03  1.3573218591296e-01  1.2841292993113e-01
  2.6406250000000e+00  7.4749619407379e-03  1.3937499320270e-01  1.3190003126197e-01
  2.6718750000000e+00  7.6304467896902e-03  1.4304570329817e-01  1.3541525650848e-01
  2.7031250000000e+00  7.7855618226872e-03  1.4674142007839e-01  1.3895585825570e-01
  2.7343750000000e+00  7.9401558662815e-03  1.5045913478634e-01  1.4251897892006e-01
  2.7656250000000e+00  8.0940755105176e-03  1.5419572906935e-01  1.4610165355883e-01
  2.7968750000000e+00  8.2471653494569e-03  1.5794797836794e-01  1.4970081301849e-01
  2.8281250000000e+00  8.3992682307846e-03  1.6171255565221e-01  1.5331328742142e-01
  2.8593750000000e+00  8.5502255139875e-03  1.6548603550309e-01  1.5693580998910e-01
  2.8906250000000e+00  8.6998773365388e-03  1.6926489853492e-01  1.6056502119838e-01
  2.9218750000000e+00  8.8480628874996e-03  1.7304553615427e-01  1.6419747326677e-01
  2.9531250000000e+00  8.9946206879037e-03  1.7682425564879e-01  1.6782963496088e-01
  2.9843750000000e+00  9.1393888772650e-03  1.8059728559856e-01  1.7145789672130e-01
  3.0156250000000e+00  9.2822055055163e-03  1.8436078160115e-01  1.7507857609563e-01
  3.0468750000000e+00  9.4229088296652e-03  1.8811083230018e-01  1.7868792347052e-01
  3.0781250000000e+00  9.5613376144111e-03  1.9184346570619e-01  1.8228212809178e-01
  3.1093750000000e+00  9.6973314359685e-03  1.9555465579701e-01  1.8585732436104e-01
  3.1406250000000e+00  9.8307309882900e-03  1.9924032938397e-01  1.8940959839568e-01
  3.1718750000000e+00  9.9613783909045e-03  2.0289637322881e-01  1.9293499483791e-01
  3.2031250000000e+00  1.0089117497521e-02  2.0651864139515e-01  1.9642952389763e-01
  3.2343750000000e+00  1.0213794204579e-02  2.1010296281715e-01  1.9988916861257e-01
  3.2656250000000e+00  1.0335256758890e-02  2.1364514906704e-01  2.0330989230815e-01
  3.2968750000000e+00  1.0453356063523e-02  2.1714100230217e-01  2.0668764623865e-01
  3.3281250000000e+00  1.0567945981075e-02  2.2058632337103e-01  2.1001837738996e-01
  3.3593750000000e+00  1.0678883633456e-02  2.2397692005724e-01  2.1329803642379e-01
  3.3906250000000e+00  1.0786029697348e-02  2.2730861543921e-01  2.1652258574186e-01
  3.4218750000000e+00  1.0889248694486e-02  2.3057725634278e-01  2.1968800764830e-01
  3.4531250000000e+00  1.0988409275898e-02  2.3377872186325e-01  2.2279031258736e-01
  3.4843750000000e+00  1.1083384499298e-02  2.3690893193274e-01  2.2582554743344e-01
  3.5156250000000e+00  1.1174052098802e-02  2.3996385590820e-01  2.2878980380940e-01
  3.5468750000000e+00  1.1260294746166e-02  2.4293952115513e-01  2.3167922640897e-01
  3.5781250000000e+00  1.1342000302779e-02  2.4583202160158e-01  2.3449002129880e-01
  3.6093750000000e+00  1.1419062061644e-02  2.4863752623682e-01  2.3721846417518e-01
  3.6406250000000e+00  1.1491378978628e-02  2.5135228752908e-01  2.3986090855045e-01
  3.6718750000000e+00  1.1558855892281e-02  2.5397264973641e-01  2.4241379384413e-01
  3.7031250000000e+00  1.1621403731551e-02  2.5649505708515e-01  2.4487365335360e-01
  3.7343750000000e+00  1.1678939710781e-02  2.5891606179038e-01  2.4723712207960e-01
  3.7656250000000e+00  1.1731387511361e-02  2.6123233189310e-01  2.4950094438174e-01
  3.7968750000000e+00  1.1778677449531e-02  2.6344065888934e-01  2.5166198143981e-01
  3.8281250000000e+00  1.1820746629758e-02  2.6553796512667e-01  2.5371721849692e-01
  3.8593750000000e+00  1.1857539083282e-02  2.6752131094440e-01  2.5566377186112e-01
  3.8906250000000e+00  1.1889005891359e-02  2.6938790153418e-01  2.5749889564283e-01
  3.9218750000000e+00  1.1915105292841e-02  2.7113509349873e-01  2.5921998820589e-01
  3.9531250000000e+00  1.1935802775776e-02  2.7276040108709e-01  2.6082459831132e-01
  3.9843750000000e+00  1.1951071152731e-02  2.7426150208583e-01  2.6231043093310e-01
  4.0156250000000e+00  1.1960890619619e-02  2.7563624334670e-01  2.6367535272708e-01
  4.0468750000000e+00  1.1965248797860e-02  2.7688264593228e-01  2.6491739713442e-01
  4.0781250000000e+00  1.1964140759736e-02  2.7799890986246e-01  2.6603476910273e-01
  4.1093750000000e+00  1.1957569036883e-02  2.7898341844576e-01  2.6702584940888e-01
  4.1406250000000e+00  1.1945543611921e-02  2.7983474218094e-01  2.6788919856902e-01
  4.1718750000000e+00  1.1928081893204e-02  2.8055164221574e-01  2.6862356032253e-01
  4.2031250000000e+00  1.1905208672834e-02  2.8113307335097e-01  2.6922786467813e-01
  4.2343750000000e+00  1.1876956068058e-02  2.8157818657982e-01  2.6970123051176e-01
  4.2656250000000e+00  1.1843363446237e-02  2.8188633115374e-01  2.7004296770750e-01
  4.2968750000000e+00  1.1804477333645e-02  2.8205705616778e-01  2.7025257883414e-01
  4.3281250000000e+00  1.1760351308380e-02  2.8209011166012e-01  2.7032976035174e-01
  4.3593750000000e+00  1.1711045877738e-02  2.8198544922191e-01  2.7027440334417e-01
  4.3906250000000e+00  1.1656628340448e-02  2.8174322211540e-01  2.7008659377495e-01
  4.4218750000000e+00  1.1597172634191e-02  2.8136378489999e-01  2.6976661226580e-01
  4.4531250000000e+00  1.1532759168891e-02  2.8084769256735e-01  2.6931493339846e-01
  4.4843750000000e+00  1.1463474646304e-02  2.8019569918871e-01  2.6873222454240e-01
  4.5156250000000e+00  1.1389411866472e-02  2.7940875607884e-01  2.6801934421237e-01
  4.5468750000000e+00  1.1310669521626e-02  2.7848800948307e-01  2.6717733996144e-01
  4.5781250000000e+00  1.1227351978201e-02  2.7743479779502e-01  2.6620744581682e-01
  4.6093750000000e+00  1.1139569047606e-02  2.7625064831481e-01  2.6511107926720e-01
  4.6406250000000e+00  1.1047435746479e-02  2.7493727355843e-01  2.6388983781195e-01
  4.6718750000000e+00  1.0951072047117e-02  2.7349656713094e-01  2.6254549508383e-01
  4.7031250000000e+00  1.0850602618872e-02  2.7193059917739e-01  2.6107999655852e-01
  4.7343750000000e+00  1.0746156561260e-02  2.7024161142667e-01  2.5949545486541e-01
  4.7656250000000e+00  1.0637867129594e-02  2.6843201184500e-01  2.5779414471541e-01
  4.7968750000000e+00  1.0525871453932e-02  2.6650436891689e-01  2.5597849746296e-01
  4.8281250000000e+00  1.0410310252184e-02  2.6446140557246e-01  2.5405109532028e-01
  4.8593750000000e+00  1.0291327538184e-02  2.6230599278143e-01  2.5201466524325e-01
  4.8906250000000e+00  1.0169070325594e-02  2.6004114283461e-01  2.4987207250901e-01
  4.9218750000000e+00  1.0043688328457e-02  2.5767000233507e-01  2.4762631400661e-01
  4.9531250000000e+00  9.9153336592631e-03  2.5519584492177e-01  2.4528051126251e-01
  4.9843750000000e+00  9.7841605253417e-03  2.5262206374902e-01  2.4283790322368e-01
  5.0156250000000e+00  9.6503249244520e-03  2.4995216374615e-01  2.4030183882169e-01
  5.0468750000000e+00  9.5139843403666e-03  2.4718975368186e-01  2.3767576934149e-01
  5.0781250000000e+00  9.3752974392794e-03  2.4433853805846e-01  2.3496324061918e-01
  5.1093750000000e+00  9.2344237678377e-03  2.4140230886133e-01  2.3216788509349e-01
  5.1406250000000e+00  9.0915234535854e-03  2.3838493718929e-01  2.2929341373570e-01
  5.1718750000000e+00  8.9467569085743e-03  2.3529036479155e-01  2.2634360788297e-01
  5.2031250000000e+00  8.8002845369093e-03  2.3212259553707e-01  2.2332231100016e-01
  5.2343750000000e+00  8.6522664469286e-03  2.2888568684192e-01  2.2023342039499e-01
  5.2656250000000e+00  8.5028621687194e-03  2.2558374108019e-01  2.1708087891147e-01
  5.2968750000000e+00  8.3522303776532e-03  2.2222089700360e-01  2.1386866662595e-01
  5.3281250000000e+00  8.2005286245530e-03  2.1880132119471e-01  2.1060079257015e-01
  5.3593750000000e+00  8.0479130731121e-03  2.1532919957793e-01  2.0728128650482e-01
  5.3906250000000e+00  7.8945382451455e-03  2.1180872901242e-01  2.0391419076728e-01
  5.4218750000000e+00  7.7405567741983e-03  2.0824410898972e-01  2.0050355221552e-01
  5.4531250000000e+00  7.5861191680131e-03  2.0463953345880e-01  1.9705341429079e-01
  5.4843750000000e+00  7.4313735803344e-03  2.0099918280013e-01  1.9356780921980e-01
  5.5156250000000e+00  7.2764655924712e-03  1.9732721596949e-01  1.9005075037702e-01
  5.5468750000000e+00  7.1215380050019e-03  1.9362776283150e-01  1.8650622482650e-01
  5.5781250000000e+00  6.9667306399709e-03  1.8990491670165e-01  1.8293818606168e-01
  5.6093750000000e+00  6.8121801539034e-03  1.8616272711472e-01  1.7935054696082e-01
  5.6406250000000e+00  6.6580198618789e-03  1.8240519283631e-01  1.7574717297443e-01
  5.6718750000000e+00  6.5043795729251e-03  1.7863625513305e-01  1.7213187556012e-01
  5.7031250000000e+00  6.3513854368890e-03  1.7485979131590e-01  1.6850840587901e-01
  5.7343750000000e+00  6.1991598029629e-03  1.7107960856981e-01  1.6488044876685e-01
  5.7656250000000e+00  6.0478210899647e-03  1.6729943808163e-01  1.6125161699167e-01
  5.7968750000000e+00  5.8974836684260e-03  1.6352292947702e-01  1.5762544580860e-01
  5.8281250000000e+00  5.7482577545574e-03  1.5975364557575e-01  1.5400538782119e-01
  5.8593750000000e+00  5.6002493160568e-03  1.5599505747361e-01  1.5039480815756e-01
  5.8906250000000e+00  5.4535599897199e-03  1.5225053995777e-01  1.4679697996805e-01
  5.9218750000000e+00  5.3082870108007e-03  1.4852336726111e-01  1.4321508025031e-01
  5.9531250000000e+00  5.1645231539832e-03  1.4481670915994e-01  1.3965218600595e-01
  5.9843750000000e+00  5.0223566858290e-03  1.4113362741810e-01  1.3611127073227e-01
  6.0156250000000e+00  4.8818713285382e-03  1.3747707257924e-01  1.3259520125070e-01
  6.0468750000000e+00  4.7431462347917e-03  1.3384988110787e-01  1.2910673487308e-01
  6.0781250000000e+00  4.6062559734589e-03  1.3025477287862e-01  1.2564851690516e-01
  6.1093750000000e+00  4.4712705259043e-03  1.2669434901187e-01  1.2222307848596e-01
  6.1406250000000e+00  4.3382552925983e-03  1.2317109005297e-01  1.1883283476037e-01
  6.1718750000000e+00  4.2072711097279e-03  1.1968735449096e-01  1.1548008338124e-01
  6.2031250000000e+00  4.0783742754709e-03  1.1624537761192e-01  1.1216700333645e-01
  6.2343750000000e+00  3.9516165855766e-03  1.1284727068082e-01  1.0889565409525e-01
  6.2656250000000e+00  3.8270453778858e-03  1.0949502044507e-01  1.0566797506718e-01
  6.2968750000000e+00  3.7047035854046e-03  1.0619048895186e-01  1.0248578536646e-01
  6.3281250000000e+00  3.5846297975095e-03  1.0293541367076e-01  9.9350783873246e-02
  6.3593750000000e+00  3.4668583288932e-03  9.9731407911934e-02  9.6264549583040e-02
  6.3906250000000e+00  3.3514192958101e-03  9.6579961530180e-02  9.3228542234370e-02
  6.4218750000000e+00  3.2383386991845e-03  9.3482441903666e-02  9.0244103204481e-02
  6.4531250000000e+00  3.1276385141411e-03  9.0440095176228e-02  8.7312456662087e-02
  6.4843750000000e+00  3.0193367855159e-03  8.7454047751222e-02  8.4434710965706e-02
  6.5156250000000e+00  2.9134477288767e-03  8.4525308024578e-02  8.1611860295702e-02
  6.5468750000000e+00  2.8099818366222e-03  8.1654768344287e-02  7.8844786507665e-02
  6.5781250000000e+00  2.7089459886855e-03  7.8843207183202e-02  7.6134261194516e-02
  6.6093750000000e+00  2.6103435674015e-03  7.6091291511755e-02  7.3480947944353e-02
  6.6406250000000e+00  2.5141745760780e-03  7.3399579356975e-02  7.0885404780897e-02
  6.6718750000000e+00  2.4204357608314e-03  7.0768522534028e-02  6.8348086773197e-02
  6.7031250000000e+00  2.3291207352444e-03  6.8198469536401e-02  6.5869348801157e-02
  6.7343750000000e+00  2.2402201074117e-03  6.5689668570811e-02  6.3449448463399e-02
  6.7656250000000e+00  2.1537216089475e-03  6.3242270722921e-02  6.1088549113974e-02
  6.7968750000000e+00  2.0696102255449e-03  6.0856333240017e-02  5.8786723014472e-02
  6.8281250000000e+00  1.9878683286709e-03  5.8531822916907e-02  5.6543954588236e-02
  6.8593750000000e+00  1.9084758080215e-03  5.6268619571471e-02  5.4360143763450e-02
  6.8906250000000e+00  1.8314102043424e-03  5.4066519596499e-02  5.2235109392156e-02
  6.9218750000000e+00  1.7566468422499e-03  5.1925239574692e-02  5.0168592732442e-02
  6.9531250000000e+00  1.6841589627053e-03  4.9844419944026e-02  4.8160260981321e-02
  6.9843750000000e+00  1.6139178548037e-03  4.7823628700964e-02  4.6209710846161e-02
  7.0156250000000e+00  1.5458929865475e-03  4.5862365129406e-02  4.4316472142859e-02
  7.0468750000000e+00  1.4800521343143e-03  4.3960063543639e-02  4.2480011409324e-02
  7.0781250000000e+00  1.4163615107096e-03  4.2116097033988e-02  4.0699735523279e-02
  7.1093750000000e+00  1.3547858905465e-03  4.0329781204317e-02  3.8974995313771e-02
  7.1406250000000e+00  1.2952887346971e-03  3.8600377890990e-02  3.7305089156293e-02
  7.1718750000000e+00  1.2378323115624e-03  3.6927098853432e-02  3.5689266541870e-02
  7.2031250000000e+00  1.1823778159549e-03  3.5309109426896e-02  3.4126731610941e-02
  7.2343750000000e+00  1.1288854851898e-03  3.3745532128604e-02  3.2616646643415e-02
  7.2656250000000e+00  1.0773147121866e-03  3.2235450208959e-02  3.1158135496772e-02
  7.2968750000000e+00  1.0276241554234e-03  3.0777911140042e-02  2.9750286984619e-02
  7.3281250000000e+00  9.7977184558922e-04  2.9371930034217e-02  2.8392158188628e-02
  7.3593750000000e+00  9.3371528879924e-04  2.8016492986154e-02  2.7082777697354e-02
  7.3906250000000e+00  8.8941156625613e-04  2.6710560332188e-02  2.5821148765932e-02
  7.4218750000000e+00  8.4681743025307e-04  2.5453069821468e-02  2.4606252391215e-02
  7.4531250000000e+00  8.0588939643572e-04  2.4242939693876e-02  2.3437050297440e-02
  7.4843750000000e+00  7.6658383225168e-04  2.3079071660277e-02  2.2312487828025e-02
  7.5156250000000e+00  7.2885704153228e-04  2.1960353781179e-02  2.1231496739647e-02
  7.5468750000000e+00  6.9266534516655e-04  2.0885663240388e-02  2.0192997895221e-02
  7.5781250000000e+00  6.5796515783917e-04  1.9853869010788e-02  1.9195903852949e-02
  7.6093750000000e+00  6.2471306082144e-04  1.8863834409858e-02  1.8239121349037e-02
  7.6406250000000e+00  5.9286587081684e-04  1.7914419543010e-02  1.7321553672193e-02
  7.6718750000000e+00  5.6238070450896e-04  1.7004483633322e-02  1.6442102928813e-02
  7.7031250000000e+00  5.3321505581555e-04  1.6132887236687e-02  1.5599672180871e-02
  7.7343750000000e+00  5.0532647358717e-04  1.5298494341801e-02  1.4793167868214e-02
  7.7656250000000e+00  4.7867695759015e-04  1.4500174354866e-02  1.4021497397276e-02
  7.7968750000000e+00  4.5322647052720e-04  1.3736803969243e-02  1.3283577498716e-02
  7.8281250000000e+00  4.2849501821466e-04  1.3007268920676e-02  1.2578773902462e-02
  7.8593750000000e+00  4.0856997860671e-04  1.2310465629059e-02  1.1901895650452e-02
  7.8906250000000e+00  3.8485321345825e-04  1.1645302728019e-02  1.1260449514561e-02
  7.9218750000000e+00  3.0337011918493e-04  1.1010702483939e-02  1.0707332364754e-02
  7.9531250000000e+00  3.5999600337532e-04  1.0405602106275e-02  1.0045606102899e-02
  7.9843750000000e+00  1.1141954606753e-03  9.8289549513208e-03  8.7147594906455e-03
