#              Coord.            Numerical           Analytical                Error
  7.8125000000000e-03  4.8433674269201e-03  4.8433651863671e-03  2.2405529931380e-09
  2.3437500000000e-02  4.9980614528635e-03  4.9980617625904e-03  3.0972693767367e-10
  3.9062500000000e-02  5.1570700198393e-03  5.1570697678048e-03  2.5203456162359e-10
  5.4687500000000e-02  5.3204871705179e-03  5.3204869301125e-03  2.4040535187564e-10
  7.0312500000000e-02  5.4884124973174e-03  5.4884124404169e-03  5.6900535498616e-11
  8.5937500000000e-02  5.6609470874213e-03  5.6609469495811e-03  1.3784014554763e-10
  1.0156250000000e-01  5.8381926314006e-03  5.8381925645933e-03  6.6807245499567e-11
  1.1718750000000e-01  6.0202527977729e-03  6.0202528437074e-03  4.5934500994549e-11
  1.3281250000000e-01  6.2072326179083e-03  6.2072327905326e-03  1.7262432022019e-10
  1.4843750000000e-01  6.3992389116896e-03  6.3992388470418e-03  6.4647758500624e-11
  1.6406250000000e-01  6.5963790261074e-03  6.5963788854720e-03  1.4063536273035e-10
  1.7968750000000e-01  6.7987622611216e-03  6.7987621990861e-03  6.2035485255685e-11
  1.9531250000000e-01  7.0064990216864e-03  7.0064994917701e-03  4.7008371934637e-10
  2.1093750000000e-01  7.2197024344239e-03  7.2197028664360e-03  4.3201208756172e-10
  2.2656250000000e-01  7.4384866498555e-03  7.4384858122022e-03  8.3765331216484e-10
  2.4218750000000e-01  7.6629629282107e-03  7.6629631903258e-03  2.6211509178420e-10
  2.5781250000000e-01  7.8932564906121e-03  7.8932512188558e-03  5.2717563404914e-09
  2.7343750000000e-01  8.1294674733027e-03  8.1294674559833e-03  1.7319329997934e-11
  2.8906250000000e-01  8.3717315097570e-03  8.3717307820593e-03  7.2769764866698e-10
  3.0468750000000e-01  8.6201619597534e-03  8.6201613802546e-03  5.7949879443686e-10
  3.2031250000000e-01  8.8748808002011e-03  8.8748807158351e-03  8.4366021113613e-11
  3.3593750000000e-01  9.1360116573754e-03  9.1360115140273e-03  1.4334803136173e-10
  3.5156250000000e-01  9.4036777711848e-03  9.4036777364476e-03  3.4737119430917e-11
  3.6718750000000e-01  9.6780044231990e-03  9.6780045560712e-03  1.3287216119040e-10
  3.8281250000000e-01  9.9591180380611e-03  9.9591183307158e-03  2.9265469388140e-10
  3.9843750000000e-01  1.0247146674295e-02  1.0247146575017e-02  9.9277945239673e-11
  4.1406250000000e-01  1.0542218178051e-02  1.0542217930872e-02  2.4717951470354e-10
  4.2968750000000e-01  1.0844462284408e-02  1.0844462136327e-02  1.4808131283683e-10
  4.4531250000000e-01  1.1154009237840e-02  1.1154009992890e-02  7.5504954719086e-10
  4.6093750000000e-01  1.1470992569968e-02  1.1470993331247e-02  7.6127838061213e-10
  4.7656250000000e-01  1.1795546338051e-02  1.1795544975357e-02  1.3626932846011e-09
  4.9218750000000e-01  1.2127798179323e-02  1.2127798704915e-02  5.2559246885298e-10
  5.0781250000000e-01  1.2467897488687e-02  1.2467889216151e-02  8.2725359704799e-09
  5.2343750000000e-01  1.2815952073765e-02  1.2815952080966e-02  7.2009828655517e-12
  5.3906250000000e-01  1.3172124871428e-02  1.3172123704366e-02  1.1670615550352e-09
  5.5468750000000e-01  1.3536542188021e-02  1.3536541280200e-02  9.0782028075442e-10
  5.7031250000000e-01  1.3909342857150e-02  1.3909342745172e-02  1.1197846989941e-10
  5.8593750000000e-01  1.4290666952471e-02  1.4290666731114e-02  2.2135713401150e-10
  6.0156250000000e-01  1.4680652564596e-02  1.4680652515524e-02  4.9071849014815e-11
  6.1718750000000e-01  1.5079439759089e-02  1.5079439970332e-02  2.1124308031972e-10
  6.3281250000000e-01  1.5487169054163e-02  1.5487169508906e-02  4.5474255611078e-10
  6.4843750000000e-01  1.5903982177803e-02  1.5903982031274e-02  1.4652931298875e-10
  6.6406250000000e-01  1.6330019257033e-02  1.6330018867569e-02  3.8946491517922e-10
  6.7968750000000e-01  1.6765421965400e-02  1.6765421719671e-02  2.4572867352024e-10
  6.9531250000000e-01  1.7210331449296e-02  1.7210332601064e-02  1.1517683196072e-09
  7.1093750000000e-01  1.7664892567363e-02  1.7664893774885e-02  1.2075220302832e-09
  7.2656250000000e-01  1.8129249752404e-02  1.8129247690172e-02  2.0622320934249e-09
  7.4218750000000e-01  1.8603535958675e-02  1.8603536916312e-02  9.5763693155893e-10
  7.5781250000000e-01  1.9087916667541e-02  1.9087904075687e-02  1.2591853983113e-08
  7.7343750000000e-01  1.9582491744075e-02  1.9582491774517e-02  3.0441777570944e-11
  7.8906250000000e-01  2.0087444311159e-02  2.0087442531915e-02  1.7792439188646e-09
  8.0468750000000e-01  2.0602900080985e-02  2.0602898707146e-02  1.3738391570206e-09
  8.2031250000000e-01  2.1129002587252e-02  2.1129002425111e-02  1.6214100895251e-10
  8.3593750000000e-01  2.1665895816128e-02  2.1665895500055e-02  3.1607319539440e-10
  8.5156250000000e-01  2.2213719423286e-02  2.2213719357512e-02  6.5773352042608e-11
  8.6718750000000e-01  2.2772614636828e-02  2.2772614954513e-02  3.1768540575960e-10
  8.8281250000000e-01  2.3342722007005e-02  2.3342722698048e-02  6.9104297978351e-10
  8.9843750000000e-01  2.3924182573989e-02  2.3924182361816e-02  2.1217245321781e-10
  9.1406250000000e-01  2.4517133595653e-02  2.4517133001284e-02  5.9436847804628e-10
  9.2968750000000e-01  2.5121713258494e-02  2.5121712867057e-02  3.9143732352698e-10
  9.4531250000000e-01  2.5738057615793e-02  2.5738059316601e-02  1.7008078972980e-09
  9.6093750000000e-01  2.6366306870288e-02  2.6366308724334e-02  1.8540464753747e-09
  9.7656250000000e-01  2.7006599412895e-02  2.7006596390111e-02  3.0227838357377e-09
  9.9218750000000e-01  2.7659054800624e-02  2.7659056446132e-02  1.6455080908973e-09
  1.0078125000000e+00  2.8323840328323e-02  2.8323821762314e-02  1.8566008657545e-08
  1.0234375000000e+00  2.9001023775591e-02  2.9001023850136e-02  7.4544866807136e-11
  1.0390625000000e+00  2.9690795393241e-02  2.9690792765020e-02  2.6282209256157e-09
  1.0546875000000e+00  3.0393259021279e-02  3.0393257007263e-02  2.0140163009552e-09
  1.0703125000000e+00  3.1108543647910e-02  3.1108543421567e-02  2.2634301377611e-10
  1.0859375000000e+00  3.1836777530961e-02  3.1836777095217e-02  4.3574349684050e-10
  1.1015625000000e+00  3.2578081338882e-02  3.2578081254927e-02  8.3954822260868e-11
  1.1171875000000e+00  3.3332576698987e-02  3.3332577162427e-02  4.6344009879684e-10
  1.1328125000000e+00  3.4100382991978e-02  3.4100384008820e-02  1.0168412639677e-09
  1.1484375000000e+00  3.4881619105222e-02  3.4881618807759e-02  2.9746316521084e-10
  1.1640625000000e+00  3.5676397166101e-02  3.5676396287515e-02  8.7858617603409e-10
  1.1796875000000e+00  3.6484829383411e-02  3.6484828781959e-02  6.0145197156025e-10
  1.1953125000000e+00  3.7307023687162e-02  3.7307026120545e-02  2.4333831477596e-09
  1.2109375000000e+00  3.8143092762754e-02  3.8143095517335e-02  2.7545812852914e-09
  1.2265625000000e+00  3.8993145750187e-02  3.8993141459124e-02  4.2910629077797e-09
  1.2421875000000e+00  3.9857262906752e-02  3.9857265592743e-02  2.6859911100852e-09
  1.2578125000000e+00  4.0735593127587e-02  4.0735566611592e-02  2.6515995107945e-08
  1.2734375000000e+00  4.1628139991712e-02  4.1628140141474e-02  1.4976219570029e-10
  1.2890625000000e+00  4.2535082387507e-02  4.2535078625800e-02  3.7617068557316e-09
  1.3046875000000e+00  4.3456474069985e-02  4.3456471210231e-02  2.8597537671260e-09
  1.3203125000000e+00  4.4392403931455e-02  4.4392403626842e-02  3.0461336925081e-10
  1.3359375000000e+00  4.5342958657507e-02  4.5342958077867e-02  5.7963913530079e-10
  1.3515625000000e+00  4.6308213220535e-02  4.6308213119119e-02  1.0141636141991e-10
  1.3671875000000e+00  4.7288242887436e-02  4.7288243543144e-02  6.5570807117332e-10
  1.3828125000000e+00  4.8283118813292e-02  4.8283120262215e-02  1.4489229330228e-09
  1.3984375000000e+00  4.9292910595061e-02  4.9292910191228e-02  4.0383315441650e-10
  1.4140625000000e+00  5.0317677388526e-02  5.0317676130590e-02  1.2579358873999e-09
  1.4296875000000e+00  5.1357477541110e-02  5.1357476649197e-02  8.9191315444381e-10
  1.4453125000000e+00  5.2412362594465e-02  5.2412365967569e-02  3.3731039766893e-09
  1.4609375000000e+00  5.3482389880782e-02  5.3482393841259e-02  3.9604768214963e-09
  1.4765625000000e+00  5.4567611343921e-02  5.4567605444597e-02  5.8993238766236e-09
  1.4921875000000e+00  5.5668037070471e-02  5.5668041254890e-02  4.1844190126761e-09
  1.5078125000000e+00  5.6783773619179e-02  5.6783736937154e-02  3.6682025007784e-08
  1.5234375000000e+00  5.7914722961044e-02  5.7914723229485e-02  2.6844182432484e-10
  1.5390625000000e+00  5.9061031045950e-02  5.9061025829160e-02  5.2167899861066e-09
  1.5546875000000e+00  6.0222669212609e-02  6.0222665279568e-02  3.9330405113280e-09
  1.5703125000000e+00  6.1399657252970e-02  6.1399656858079e-02  3.9489146674843e-10
  1.5859375000000e+00  6.2592011208459e-02  6.2592010464936e-02  7.4352253520704e-10
  1.6015625000000e+00  6.3799730628138e-02  6.3799730513295e-02  1.1484331541300e-10
  1.6171875000000e+00  6.5022814920697e-02  6.5022815820489e-02  8.9979235173843e-10
  1.6328125000000e+00  6.6261257501285e-02  6.6261259500651e-02  1.9993661171114e-09
  1.6484375000000e+00  6.7515049389653e-02  6.7515048858774e-02  5.3087921558781e-10
  1.6640625000000e+00  6.8784167030902e-02  6.8784165286329e-02  1.7445724032061e-09
  1.6796875000000e+00  7.0068585435673e-02  7.0068584158550e-02  1.2771221857832e-09
  1.6953125000000e+00  7.1368270203328e-02  7.1368274733480e-02  4.5301516982121e-09
  1.7109375000000e+00  7.2683194541806e-02  7.2683200052896e-02  5.5110902646982e-09
  1.7265625000000e+00  7.4013324699557e-02  7.4013316845226e-02  7.8543304221634e-09
  1.7421875000000e+00  7.5358569189199e-02  7.5358575430550e-02  6.2413503393310e-09
  1.7578125000000e+00  7.6718968780758e-02  7.6718919627806e-02  4.9152951792086e-08
  1.7734375000000e+00  7.8094286220596e-02  7.8094286664316e-02  4.4371926966047e-10
  1.7890625000000e+00  7.9484614097677e-02  7.9484607087716e-02  7.0099612087260e-09
  1.8046875000000e+00  8.0889809919534e-02  8.0889804680431e-02  5.2391032068222e-09
  1.8203125000000e+00  8.2309796869384e-02  8.2309796376780e-02  4.9260386048022e-10
  1.8359375000000e+00  8.3744493101792e-02  8.3744492182822e-02  9.1897019161014e-10
  1.8515625000000e+00  8.5193795218959e-02  8.5193795099067e-02  1.1989226278430e-10
  1.8671875000000e+00  8.6657599848618e-02  8.6657601046138e-02  1.1975193475733e-09
  1.8828125000000e+00  8.8135796121706e-02  8.8135798793505e-02  2.6717990875280e-09
  1.8984375000000e+00  8.9628270567186e-02  8.9628269891389e-02  6.7579639106974e-10
  1.9140625000000e+00  9.1134890949562e-02  9.1134888605948e-02  2.3436139973132e-09
  1.9296875000000e+00  9.2655523624290e-02  9.2655521857837e-02  1.7664538026763e-09
  1.9453125000000e+00  9.4190023269593e-02  9.4190029164259e-02  5.8946657832681e-09
  1.9609375000000e+00  9.5738255161890e-02  9.5738262584601e-02  7.4227115426373e-09
  1.9765625000000e+00  9.7300076796605e-02  9.7300066669751e-02  1.0126853716708e-08
  1.9921875000000e+00  9.8875269481570e-02  9.8875278415202e-02  8.9336315706179e-09
  2.0078125000000e+00  1.0046379101372e-01  1.0046372721803e-01  6.3795680779744e-08
  2.0234375000000e+00  1.0206523415030e-01  1.0206523483788e-01  6.8758283788828e-10
  2.0390625000000e+00  1.0367962448877e-01  1.0367961536194e-01  9.1268330809635e-09
  2.0546875000000e+00  1.0530668193360e-01  1.0530667517420e-01  6.7594007890914e-09
  2.0703125000000e+00  1.0694621351933e-01  1.0694621292882e-01  5.9050812850625e-10
  2.0859375000000e+00  1.0859802062130e-01  1.0859801952796e-01  1.0933355887310e-09
  2.1015625000000e+00  1.1026187821553e-01  1.1026187810396e-01  1.1157186285971e-10
  2.1171875000000e+00  1.1193756246030e-01  1.1193756400599e-01  1.5456970564598e-09
  2.1328125000000e+00  1.1362484133371e-01  1.1362484479141e-01  3.4577096602595e-09
  2.1484375000000e+00  1.1532348105468e-01  1.1532348022164e-01  8.3303972053805e-10
  2.1640625000000e+00  1.1703322531257e-01  1.1703322226285e-01  3.0497117886608e-09
  2.1796875000000e+00  1.1875381745234e-01  1.1875381509145e-01  2.3608917182338e-09
  2.1953125000000e+00  1.2048498767303e-01  1.2048499510439e-01  7.4313619147226e-09
  2.2109375000000e+00  1.2222648125716e-01  1.2222649093449e-01  9.6773361824010e-09
  2.2265625000000e+00  1.2397803611473e-01  1.2397802347068e-01  1.2644050403909e-08
  2.2421875000000e+00  1.2573929359142e-01  1.2573930588334e-01  1.2291916651197e-08
  2.2578125000000e+00  1.2751012385431e-01  1.2751004365471e-01  8.0199596907971e-08
  2.2734375000000e+00  1.2928993360627e-01  1.2928993461455e-01  1.0082786550125e-09
  2.2890625000000e+00  1.3107868049458e-01  1.3107866898088e-01  1.1513704933908e-08
  2.3046875000000e+00  1.3287593785254e-01  1.3287592940607e-01  8.4464773231208e-09
  2.3203125000000e+00  1.3468139170720e-01  1.3468139102816e-01  6.7903282996440e-10
  2.3359375000000e+00  1.3649472277813e-01  1.3649472152757e-01  1.2505601276747e-09
  2.3515625000000e+00  1.3831558127398e-01  1.3831558118905e-01  8.4925927401613e-11
  2.3671875000000e+00  1.4014362103426e-01  1.4014362296917e-01  1.9349078450581e-09
  2.3828125000000e+00  1.4197848823541e-01  1.4197849256906e-01  4.3336503552371e-09
  2.3984375000000e+00  1.4381982950705e-01  1.4381982851268e-01  9.9437275080660e-10
  2.4140625000000e+00  1.4566726607480e-01  1.4566726223051e-01  3.8442903305125e-09
  2.4296875000000e+00  1.4752042119846e-01  1.4752041814863e-01  3.0498326364370e-09
  2.4453125000000e+00  1.4937890470636e-01  1.4937891378331e-01  9.0769457228301e-09
  2.4609375000000e+00  1.5124234762736e-01  1.5124235984105e-01  1.2213694638996e-08
  2.4765625000000e+00  1.5311037561135e-01  1.5311036032404e-01  1.5287303728462e-08
  2.4921875000000e+00  1.5498249636260e-01  1.5498251264108e-01  1.6278476983045e-08
  2.5078125000000e+00  1.5685850537690e-01  1.5685840772389e-01  9.7653008429566e-08
  2.5234375000000e+00  1.5873762874149e-01  1.5873763014892e-01  1.4074293119837e-09
  2.5390625000000e+00  1.6061977233781e-01  1.6061975826442e-01  1.4073388954206e-08
  2.5546875000000e+00  1.6250437454530e-01  1.6250436432293e-01  1.0222368507229e-08
  2.5703125000000e+00  1.6439101536636e-01  1.6439101461914e-01  7.4721948073453e-10
  2.5859375000000e+00  1.6627927100579e-01  1.6627926963289e-01  1.3729012093844e-09
  2.6015625000000e+00  1.6816868421352e-01  1.6816868417757e-01  3.5952962829100e-11
  2.6171875000000e+00  1.7005880520460e-01  1.7005880755360e-01  2.3489926392894e-09
  2.6328125000000e+00  1.7194917844685e-01  1.7194918370710e-01  5.2602488753717e-09
  2.6484375000000e+00  1.7383935254303e-01  1.7383935139362e-01  1.1494035168091e-09
  2.6640625000000e+00  1.7572884904115e-01  1.7572884434690e-01  4.6942521536586e-09
  2.6796875000000e+00  1.7761719526149e-01  1.7761719145252e-01  3.8089638942918e-09
  2.6953125000000e+00  1.7950390618487e-01  1.7950391692655e-01  1.0741682571203e-08
  2.7109375000000e+00  1.8138852557560e-01  1.8138854049885e-01  1.4923243113474e-08
  2.7265625000000e+00  1.8327059549871e-01  1.8327057760115e-01  1.7897563153735e-08
  2.7421875000000e+00  1.8514951878928e-01  1.8514953955979e-01  2.0770514419510e-08
  2.7578125000000e+00  1.8702504895893e-01  1.8702493379293e-01  1.1516599468520e-07
  2.7734375000000e+00  1.8889626213475e-01  1.8889626401219e-01  1.8774382326558e-09
  2.7890625000000e+00  1.9076304709609e-01  1.9076303042865e-01  1.6667440483342e-08
  2.8046875000000e+00  1.9262474194503e-01  1.9262472996307e-01  1.1981959036067e-08
  2.8203125000000e+00  1.9448085724444e-01  1.9448085646022e-01  7.8421497073933e-10
  2.8359375000000e+00  1.9633090235059e-01  1.9633090090715e-01  1.4434320405599e-09
  2.8515625000000e+00  1.9817435161803e-01  1.9817435165540e-01  3.7371217231907e-11
  2.8671875000000e+00  2.0001069188137e-01  2.0001069464691e-01  2.7655388534775e-09
  2.8828125000000e+00  2.0183940745979e-01  2.0183941364354e-01  6.1837462927983e-09
  2.8984375000000e+00  2.0365999174672e-01  2.0365999046012e-01  1.2865980225651e-09
  2.9140625000000e+00  2.0547191075365e-01  2.0547190520078e-01  5.5528655840131e-09
  2.9296875000000e+00  2.0727464109849e-01  2.0727463649848e-01  4.6000110665023e-09
  2.9453125000000e+00  2.0906764944174e-01  2.0906766175761e-01  1.2315867492507e-08
  2.9609375000000e+00  2.1085043974609e-01  2.1085045739950e-01  1.7653412814900e-08
  2.9765625000000e+00  2.1262251939957e-01  2.1262249911064e-01  2.0288936669610e-08
  2.9921875000000e+00  2.1438323653900e-01  2.1438326209347e-01  2.5554472926625e-08
  3.0078125000000e+00  2.1613235286639e-01  2.1613222131966e-01  1.3154673472737e-07
  3.0234375000000e+00  2.1786884938566e-01  2.1786885178554e-01  2.3998792952895e-09
  3.0390625000000e+00  2.1959264789569e-01  2.1959262876971e-01  1.9125976580270e-08
  3.0546875000000e+00  2.2130304169429e-01  2.2130302809253e-01  1.3601763076965e-08
  3.0703125000000e+00  2.2299952715839e-01  2.2299952637730e-01  7.8108966516943e-10
  3.0859375000000e+00  2.2468160276197e-01  2.2468160131307e-01  1.4488975852434e-09
  3.1015625000000e+00  2.2634873178459e-01  2.2634873191881e-01  1.3421302957894e-10
  3.1171875000000e+00  2.2800039565120e-01  2.2800039880871e-01  3.1575131953510e-09
  3.1328125000000e+00  2.2963607741825e-01  2.2963608445861e-01  7.0403552432374e-09
  3.1484375000000e+00  2.3125527486777e-01  2.3125527347310e-01  1.3946702681622e-09
  3.1640625000000e+00  2.3285745921660e-01  2.3285745285340e-01  6.3632042412998e-09
  3.1796875000000e+00  2.3444211763846e-01  2.3444211226554e-01  5.3729168059125e-09
  3.1953125000000e+00  2.3600873062796e-01  2.3600874430892e-01  1.3680962390739e-08
  3.2109375000000e+00  2.3755682456549e-01  2.3755684478476e-01  2.0219268759281e-08
  3.2265625000000e+00  2.3908593523400e-01  2.3908591296456e-01  2.2269445482115e-08
  3.2421875000000e+00  2.4059542152248e-01  2.4059545185809e-01  3.0335615491817e-08
  3.2578125000000e+00  2.4208511400816e-01  2.4208496848091e-01  1.4552724858508e-07
  3.2734375000000e+00  2.4355397117554e-01  2.4355397412109e-01  2.9455470285100e-09
  3.2890625000000e+00  2.4500200586977e-01  2.4500198460501e-01  2.1264761840278e-08
  3.3046875000000e+00  2.4642853551553e-01  2.4642852056201e-01  1.4953525362404e-08
  3.3203125000000e+00  2.4783310842036e-01  2.4783310768769e-01  7.3266870348476e-10
  3.3359375000000e+00  2.4921527838802e-01  2.4921527700565e-01  1.3823720224071e-09
  3.3515625000000e+00  2.5057456487711e-01  2.5057456512747e-01  2.5036306361415e-10
  3.3671875000000e+00  2.5191051101479e-01  2.5191051451076e-01  3.4959717343241e-09
  3.3828125000000e+00  2.5322266595187e-01  2.5322267371503e-01  7.7631642225739e-09
  3.3984375000000e+00  2.5451059911933e-01  2.5451059765523e-01  1.4640999523863e-09
  3.4140625000000e+00  2.5577385491670e-01  2.5577384785272e-01  7.0639749050194e-09
  3.4296875000000e+00  2.5701199875406e-01  2.5701199268350e-01  6.0705614424172e-09
  3.4453125000000e+00  2.5822459289946e-01  2.5822460762346e-01  1.4723999852695e-08
  3.4609375000000e+00  2.5941125306758e-01  2.5941127549058e-01  2.2422996681648e-08
  3.4765625000000e+00  2.6057161034965e-01  2.6057158668365e-01  2.3666001880418e-08
  3.4921875000000e+00  2.6170510465325e-01  2.6170513941762e-01  3.4764367828899e-08
  3.5078125000000e+00  2.6281169587715e-01  2.6281153995513e-01  1.5592202073922e-07
  3.5234375000000e+00  2.6389039935762e-01  2.6389040283416e-01  3.4765380574342e-09
  3.5390625000000e+00  2.6494137399913e-01  2.6494135109165e-01  2.2907475027978e-08
  3.5546875000000e+00  2.6596403240346e-01  2.6596401648277e-01  1.5920686657900e-08
  3.5703125000000e+00  2.6695804033472e-01  2.6695803969581e-01  6.3891453239151e-10
  3.5859375000000e+00  2.6792307180749e-01  2.6792307056242e-01  1.2450666053709e-09
  3.6015625000000e+00  2.6885876788478e-01  2.6885876826307e-01  3.7829162025105e-10
  3.6171875000000e+00  2.6976479777403e-01  2.6976480152755e-01  3.7535144992162e-09
  3.6328125000000e+00  2.7064084053969e-01  2.7064084883032e-01  8.2906280729489e-09
  3.6484375000000e+00  2.7148660006913e-01  2.7148659858060e-01  1.4885240817719e-09
  3.6640625000000e+00  2.7230175690406e-01  2.7230174930704e-01  7.5970243984536e-09
  3.6796875000000e+00  2.7308601647222e-01  2.7308600983670e-01  6.6355142491759e-09
  3.6953125000000e+00  2.7383908411549e-01  2.7383909946840e-01  1.5352916993283e-08
  3.7109375000000e+00  2.7456072406148e-01  2.7456074814010e-01  2.4078616045475e-08
  3.7265625000000e+00  2.7525072093945e-01  2.7525069659026e-01  2.4349187499606e-08
  3.7421875000000e+00  2.7590865803605e-01  2.7590869651309e-01  3.8477048602825e-08
  3.7578125000000e+00  2.7653467250019e-01  2.7653451070743e-01  1.6179275824646e-07
  3.7734375000000e+00  2.7712790926891e-01  2.7712791321924e-01  3.9503306181743e-09
  3.7890625000000e+00  2.7768871338713e-01  2.7768868947760e-01  2.3909532020916e-08
  3.8046875000000e+00  2.7821665283880e-01  2.7821663642393e-01  1.6414872905379e-08
  3.8203125000000e+00  2.7871156314013e-01  2.7871156263462e-01  5.0550985619680e-10
  3.8359375000000e+00  2.7917328948342e-01  2.7917328843661e-01  1.0468086397708e-09
  3.8515625000000e+00  2.7960164550830e-01  2.7960164601617e-01  5.0787318794931e-10
  3.8671875000000e+00  2.7999647561257e-01  2.7999647952048e-01  3.9079103286710e-09
  3.8828125000000e+00  2.8035763657701e-01  2.8035764515218e-01  8.5751712397553e-09
  3.8984375000000e+00  2.8068501272235e-01  2.8068501125664e-01  1.4657126623518e-09
  3.9140625000000e+00  2.8097846631717e-01  2.8097845840191e-01  7.9152548959627e-09
  3.9296875000000e+00  2.8123788646917e-01  2.8123787945139e-01  7.0177849087472e-09
  3.9453125000000e+00  2.8146316411902e-01  2.8146317962897e-01  1.5509942996594e-08
  3.9609375000000e+00  2.8165425153899e-01  2.8165427657677e-01  2.5037771855807e-08
  3.9765625000000e+00  2.8181112465825e-01  2.8181110040529e-01  2.4252953867432e-08
  3.9921875000000e+00  2.8193355259129e-01  2.8193359373605e-01  4.1144760265510e-08
  4.0078125000000e+00  2.8202187432428e-01  2.8202171173652e-01  1.6258776514011e-07
  4.0234375000000e+00  2.8207541782216e-01  2.8207542214749e-01  4.3253344794714e-09
  4.0390625000000e+00  2.8209472948185e-01  2.8209470530279e-01  2.4179059310292e-08
  4.0546875000000e+00  2.8207957053041e-01  2.8207955414123e-01  1.6389177015519e-08
  4.0703125000000e+00  2.8202997455436e-01  2.8202997421095e-01  3.4340824628387e-10
  4.0859375000000e+00  2.8194598447098e-01  2.8194598366602e-01  8.0495526910696e-10
  4.1015625000000e+00  2.8182761262769e-01  2.8182761325536e-01  6.2767285813337e-10
  4.1171875000000e+00  2.8167490235872e-01  2.8167490630399e-01  3.9452722755406e-09
  4.1328125000000e+00  2.8148791009633e-01  2.8148791868659e-01  8.5902583379927e-09
  4.1484375000000e+00  2.8126672019132e-01  2.8126671879343e-01  1.3978855850638e-09
  4.1640625000000e+00  2.8101139547818e-01  2.8101138748869e-01  7.9894893478816e-09
  4.1796875000000e+00  2.8072202524328e-01  2.8072201806118e-01  7.1821019131946e-09
  4.1953125000000e+00  2.8039870098719e-01  2.8039871616754e-01  1.5180348755806e-08
  4.2109375000000e+00  2.8004157455631e-01  2.8004159976796e-01  2.5211648158052e-08
  4.2265625000000e+00  2.7965082243955e-01  2.7965079905444e-01  2.3385111846963e-08
  4.2421875000000e+00  2.7922641385025e-01  2.7922645637167e-01  4.2521420773323e-08
  4.2578125000000e+00  2.7876888435797e-01  2.7876872613066e-01  1.5822730553561e-07
  4.2734375000000e+00  2.7827777014818e-01  2.7827777471507e-01  4.5668928083664e-09
  4.2890625000000e+00  2.7775380407121e-01  2.7775378038043e-01  2.3690773398588e-08
  4.3046875000000e+00  2.7719694899177e-01  2.7719693314627e-01  1.5845499412581e-08
  4.3203125000000e+00  2.7660743484865e-01  2.7660743468129e-01  1.6736678709606e-10
  4.3359375000000e+00  2.7598549872352e-01  2.7598549818163e-01  5.4188842302239e-10
  4.3515625000000e+00  2.7533134751579e-01  2.7533134824241e-01  7.2661965333509e-10
  4.3671875000000e+00  2.7464521686042e-01  2.7464522072252e-01  3.8621002507178e-09
  4.3828125000000e+00  2.7392735426846e-01  2.7392736260294e-01  8.3344815493547e-09
  4.3984375000000e+00  2.7317803312998e-01  2.7317803183859e-01  1.2913846103579e-09
  4.4140625000000e+00  2.7239750501674e-01  2.7239749720386e-01  7.8128811198397e-09
  4.4296875000000e+00  2.7158604524522e-01  2.7158603813194e-01  7.1132847390132e-09
  4.4453125000000e+00  2.7074393015347e-01  2.7074394454819e-01  1.4394722414046e-08
  4.4609375000000e+00  2.6987149211298e-01  2.6987151669751e-01  2.4584537294814e-08
  4.4765625000000e+00  2.6896908679229e-01  2.6896906496599e-01  2.1826299989591e-08
  4.4921875000000e+00  2.6803686721571e-01  2.6803690969691e-01  4.2481196504962e-08
  4.5078125000000e+00  2.6707553011804e-01  2.6707538100134e-01  1.4911670720430e-07
  4.5234375000000e+00  2.6608481391081e-01  2.6608481856338e-01  4.6525725494462e-09
  4.5390625000000e+00  2.6506559393017e-01  2.6506557144028e-01  2.2489896056577e-08
  4.5546875000000e+00  2.6401801269185e-01  2.6401799785754e-01  1.4834310169132e-08
  4.5703125000000e+00  2.6294246499302e-01  2.6294246499929e-01  6.2685412416386e-12
  4.5859375000000e+00  2.6183934907547e-01  2.6183934879388e-01  2.8159635734326e-10
  4.6015625000000e+00  2.6070903289949e-01  2.6070903369518e-01  7.9569084654452e-10
  4.6171875000000e+00  2.5955190879361e-01  2.5955191245945e-01  3.6658407975843e-09
  4.6328125000000e+00  2.5836837808642e-01  2.5836838591819e-01  7.8317662355332e-09
  4.6484375000000e+00  2.5715886390266e-01  2.5715886274699e-01  1.1556712253835e-09
  4.6640625000000e+00  2.5592376663269e-01  2.5592375923073e-01  7.4019542162240e-09
  4.6796875000000e+00  2.5466350584375e-01  2.5466349902519e-01  6.8185583845803e-09
  4.6953125000000e+00  2.5337849969098e-01  2.5337851291527e-01  1.3224293216041e-08
  4.7109375000000e+00  2.5206921535394e-01  2.5206923857011e-01  2.3216176758822e-08
  4.7265625000000e+00  2.5073614001282e-01  2.5073612029519e-01  1.9717626809079e-08
  4.7421875000000e+00  2.4937956774419e-01  2.4937960878167e-01  4.1037486159246e-08
  4.7578125000000e+00  2.4800029693741e-01  2.4800016085320e-01  1.3608421364775e-07
  4.7734375000000e+00  2.4659823463464e-01  2.4659823921023e-01  4.5755954025672e-09
  4.7890625000000e+00  2.4517433285757e-01  2.4517431217232e-01  2.0685249624286e-08
  4.8046875000000e+00  2.4372886686523e-01  2.4372885341830e-01  1.3446935454020e-08
  4.8203125000000e+00  2.4226234156266e-01  2.4226234172473e-01  1.6206916364503e-10
  4.8359375000000e+00  2.4077526074892e-01  2.4077526070284e-01  4.6073311832373e-11
  4.8515625000000e+00  2.3926809770470e-01  2.3926809853397e-01  8.2926437938724e-10
  4.8671875000000e+00  2.3774134433015e-01  2.3774134770392e-01  3.3737681814916e-09
  4.8828125000000e+00  2.3619549760866e-01  2.3619550473635e-01  7.1276885504901e-09
  4.8984375000000e+00  2.3463107092726e-01  2.3463106992531e-01  1.0019584884002e-09
  4.9140625000000e+00  2.3304855386134e-01  2.3304854706729e-01  6.7940578996062e-09
  4.9296875000000e+00  2.3144844951919e-01  2.3144844319287e-01  6.3263214111764e-09
  4.9453125000000e+00  2.2983125652791e-01  2.2983126829819e-01  1.1770276669987e-08
  4.9609375000000e+00  2.2819751384404e-01  2.2819753507642e-01  2.1232380131853e-08
  4.9765625000000e+00  2.2654777588914e-01  2.2654775864952e-01  1.7239616428855e-08
  4.9921875000000e+00  2.2488241796090e-01  2.2488245630034e-01  3.8339444979885e-08
  5.0078125000000e+00  2.2320226746216e-01  2.2320214720536e-01  1.2025680384831e-07
  5.0234375000000e+00  2.2150734782251e-01  2.2150735216821e-01  4.3457013265691e-09
  5.0390625000000e+00  2.1979861178723e-01  2.1979859335424e-01  1.8432985970929e-08
  5.0546875000000e+00  2.1807640582810e-01  2.1807639402615e-01  1.1801954941104e-08
  5.0703125000000e+00  2.1634127799327e-01  2.1634127828105e-01  2.8777943916758e-10
  5.0859375000000e+00  2.1459377064134e-01  2.1459377078908e-01  1.4773957057734e-10
  5.1015625000000e+00  2.1283439570778e-01  2.1283439653365e-01  8.2587292560277e-10
  5.1171875000000e+00  2.1106367754321e-01  2.1106368055369e-01  3.0104870263337e-09
  5.1328125000000e+00  2.0928214140520e-01  2.0928214768786e-01  6.2826671642924e-09
  5.1484375000000e+00  2.0749032316274e-01  2.0749032232105e-01  8.4168785829952e-10
  5.1640625000000e+00  2.0568873417505e-01  2.0568872813327e-01  6.0417710279204e-09
  5.1796875000000e+00  2.0387789353278e-01  2.0387788785112e-01  5.6816618632105e-09
  5.1953125000000e+00  2.0205831285245e-01  2.0205832300191e-01  1.0149463713915e-08
  5.2109375000000e+00  2.0023053486478e-01  2.0023055367078e-01  1.8806001811367e-08
  5.2265625000000e+00  1.9839511284751e-01  1.9839509826074e-01  1.4586771374114e-08
  5.2421875000000e+00  1.9655243860881e-01  1.9655247325592e-01  3.4647110680464e-08
  5.2578125000000e+00  1.9470329588796e-01  1.9470319298818e-01  1.0289977162015e-07
  5.2734375000000e+00  1.9284776541986e-01  1.9284776940715e-01  3.9872918022876e-09
  5.2890625000000e+00  1.9098672776817e-01  1.9098671185383e-01  1.5914336015665e-08
  5.3046875000000e+00  1.8912053686653e-01  1.8912052683800e-01  1.0028530200712e-08
  5.3203125000000e+00  1.8724971744352e-01  1.8724971781940e-01  3.7588190893167e-10
  5.3359375000000e+00  1.8537478470312e-01  1.8537478499298e-01  2.8985241984358e-10
  5.3515625000000e+00  1.8349622428993e-01  1.8349622507812e-01  7.8818929161173e-10
  5.3671875000000e+00  1.8161452850769e-01  1.8161453111220e-01  2.6045144374542e-09
  5.3828125000000e+00  1.7973018688494e-01  1.7973019224838e-01  5.3634372221278e-09
  5.3984375000000e+00  1.7784369424298e-01  1.7784369355781e-01  6.8516872731017e-10
  5.4140625000000e+00  1.7595552104185e-01  1.7595551583643e-01  5.2054179300320e-09
  5.4296875000000e+00  1.7406614035591e-01  1.7406613541632e-01  4.9395917356421e-09
  5.4453125000000e+00  1.7217601550285e-01  1.7217602398173e-01  8.4788802368063e-09
  5.4609375000000e+00  1.7028563225778e-01  1.7028564838998e-01  1.6132203517483e-08
  5.4765625000000e+00  1.6839548243992e-01  1.6839547049716e-01  1.1942765054673e-08
  5.4921875000000e+00  1.6650591669798e-01  1.6650594698874e-01  3.0290763342045e-08
  5.5078125000000e+00  1.6461761446694e-01  1.6461752921532e-01  8.5251628811900e-08
  5.5234375000000e+00  1.6273065949794e-01  1.6273066303325e-01  3.5353099614444e-09
  5.5390625000000e+00  1.6084580196235e-01  1.6084578865060e-01  1.3311753338519e-08
  5.5546875000000e+00  1.5896334872804e-01  1.5896334047814e-01  8.2499058140506e-09
  5.5703125000000e+00  1.5708374656146e-01  1.5708374698563e-01  4.2417475087930e-10
  5.5859375000000e+00  1.5520743018569e-01  1.5520743056342e-01  3.7772698857630e-10
  5.6015625000000e+00  1.5333480666693e-01  1.5333480738926e-01  7.2233416470446e-10
  5.6171875000000e+00  1.5146628511599e-01  1.5146628730060e-01  2.1846076059262e-09
  5.6328125000000e+00  1.4960226923764e-01  1.4960227367212e-01  4.4344851957145e-09
  5.6484375000000e+00  1.4774316383940e-01  1.4774316329882e-01  5.4057264220475e-10
  5.6640625000000e+00  1.4588935062957e-01  1.4588934628440e-01  4.3451713893639e-09
  5.6796875000000e+00  1.4404121009252e-01  1.4404120593512e-01  4.1573970932518e-09
  5.6953125000000e+00  1.4219911179690e-01  1.4219911865921e-01  6.8623009497060e-09
  5.7109375000000e+00  1.4036344046860e-01  1.4036345387151e-01  1.3402906673399e-08
  5.7265625000000e+00  1.3853458336433e-01  1.3853457390382e-01  9.4605131506498e-09
  5.7421875000000e+00  1.3671280829728e-01  1.3671283392049e-01  2.5623208443903e-08
  5.7578125000000e+00  1.3489865022338e-01  1.3489858183957e-01  6.8383808227157e-08
  5.7734375000000e+00  1.3309215522953e-01  1.3309215825935e-01  3.0298130948569e-09
  5.7890625000000e+00  1.3129390717804e-01  1.3129389639027e-01  1.0787770676757e-08
  5.8046875000000e+00  1.2950412856225e-01  1.2950412199230e-01  6.5699493068117e-09
  5.8203125000000e+00  1.2772315288223e-01  1.2772315331761e-01  4.3538367355822e-10
  5.8359375000000e+00  1.2595130064316e-01  1.2595130105859e-01  4.1543174456038e-10
  5.8515625000000e+00  1.2418886766451e-01  1.2418886830116e-01  6.3665250848999e-10
  5.8671875000000e+00  1.2243614870684e-01  1.2243615048334e-01  1.7765018484051e-09
  5.8828125000000e+00  1.2069343180813e-01  1.2069343535904e-01  3.5509115925425e-09
  5.8984375000000e+00  1.1896100338042e-01  1.1896100296700e-01  4.1342693157809e-10
  5.9140625000000e+00  1.1723912911899e-01  1.1723912560483e-01  3.5141638488057e-09
  5.9296875000000e+00  1.1552807119575e-01  1.1552806780818e-01  3.3875649368964e-09
  5.9453125000000e+00  1.1382808095420e-01  1.1382808633483e-01  5.3806280819746e-09
  5.9609375000000e+00  1.1213941936875e-01  1.1213943015375e-01  1.0785002974023e-08
  5.9765625000000e+00  1.1046234768898e-01  1.1046234043908e-01  7.2498992365055e-09
  5.9921875000000e+00  1.0879702959453e-01  1.0879705056887e-01  2.0974343498126e-08
  6.0078125000000e+00  1.0714383923449e-01  1.0714378612858e-01  5.3105910502449e-08
  6.0234375000000e+00  1.0550276240887e-01  1.0550276491923e-01  2.5103572276475e-09
  6.0390625000000e+00  1.0387420544002e-01  1.0387419697021e-01  8.4698052876808e-09
  6.0546875000000e+00  1.0225828962112e-01  1.0225828455650e-01  5.0646173921365e-09
  6.0703125000000e+00  1.0065522180440e-01  1.0065522222038e-01  4.1597501831969e-10
  6.0859375000000e+00  9.9065196385649e-02  9.9065196797483e-02  4.1183426113811e-10
  6.1015625000000e+00  9.7488386906808e-02  9.7488387447109e-02  5.4030066531929e-10
  6.1171875000000e+00  9.5924964286162e-02  9.5924965686688e-02  1.4005261672612e-09
  6.1328125000000e+00  9.4375092676569e-02  9.4375095430343e-02  2.7537744029527e-09
  6.1484375000000e+00  9.2838933337995e-02  9.2838933031433e-02  3.0656192862022e-10
  6.1640625000000e+00  9.1316630082612e-02  9.1316627328990e-02  2.7536218166757e-09
  6.1796875000000e+00  8.9808322370391e-02  8.9808319697948e-02  2.6724429752489e-09
  6.1953125000000e+00  8.8314140015892e-02  8.8314144103077e-02  4.0871853956848e-09
  6.2109375000000e+00  8.6834218750981e-02  8.6834227156504e-02  8.4055229859770e-09
  6.2265625000000e+00  8.5368693552674e-02  8.5368688178737e-02  5.3739368510719e-09
  6.2421875000000e+00  8.3917622647308e-02  8.3917639263087e-02  1.6615778128393e-08
  6.2578125000000e+00  8.2481225268437e-02  8.2481185343365e-02  3.9925071831926e-08
  6.2734375000000e+00  8.1059422253531e-02  8.1059424264785e-02  2.0112543852591e-09
  6.2890625000000e+00  7.9652453300445e-02  7.9652446857927e-02  6.4425178525340e-09
  6.3046875000000e+00  7.8260340794624e-02  7.8260337015689e-02  3.7789355672446e-09
  6.3203125000000e+00  7.6883171398545e-02  7.6883171773094e-02  3.7454900292389e-10
  6.3359375000000e+00  7.5521021011515e-02  7.5521021389866e-02  3.7835054533808e-10
  6.3515625000000e+00  7.4173948993729e-02  7.4173949435645e-02  4.4191601766830e-10
  6.3671875000000e+00  7.2842011807375e-02  7.2842012877757e-02  1.0703820607638e-09
  6.3828125000000e+00  7.1525260103152e-02  7.1525262171402e-02  2.0682498769187e-09
  6.3984375000000e+00  7.0223741572636e-02  7.0223741352183e-02  2.2045307246366e-10
  6.4140625000000e+00  6.8937490221369e-02  6.8937488130837e-02  2.0905322056786e-09
  6.4296875000000e+00  6.7666536031349e-02  6.7666533990080e-02  2.0412697643302e-09
  6.4453125000000e+00  6.6410901275712e-02  6.6410904283448e-02  3.0077356716340e-09
  6.4609375000000e+00  6.5170611990922e-02  6.5170618336027e-02  6.3451051912633e-09
  6.4765625000000e+00  6.3945693399297e-02  6.3945689546969e-02  3.8523278594882e-09
  6.4921875000000e+00  6.2736112753614e-02  6.2736125493673e-02  1.2740059091021e-08
  6.5078125000000e+00  6.1541957093384e-02  6.1541928037548e-02  2.9055836840708e-08
  6.5234375000000e+00  6.0363091872816e-02  6.0363093431221e-02  1.5584051618611e-09
  6.5390625000000e+00  5.9199617174708e-02  5.9199612427117e-02  4.7475912853812e-09
  6.5546875000000e+00  5.8051473116213e-02  5.8051470387276e-02  2.7289370554962e-09
  6.5703125000000e+00  5.6918647074133e-02  5.6918647394331e-02  3.2019754209189e-10
  6.5859375000000e+00  5.5801118036748e-02  5.5801118363517e-02  3.2676963218625e-10
  6.6015625000000e+00  5.4698852807034e-02  5.4698853155641e-02  3.4860710845797e-10
  6.6171875000000e+00  5.3611815897831e-02  5.3611816690876e-02  7.9304417893722e-10
  6.6328125000000e+00  5.2539967558938e-02  5.2539969063316e-02  1.5043778653356e-09
  6.6484375000000e+00  5.1483265809949e-02  5.1483265656169e-02  1.5378085610473e-10
  6.6640625000000e+00  5.0441658795239e-02  5.0441657257499e-02  1.5377392137417e-09
  6.6796875000000e+00  4.9415091686091e-02  4.9415090176432e-02  1.5096587452357e-09
  6.6953125000000e+00  4.8403504215467e-02  4.8403506359711e-02  2.1442440600872e-09
  6.7109375000000e+00  4.7406838869277e-02  4.7406843508533e-02  4.6392561597886e-09
  6.7265625000000e+00  4.6425037865736e-02  4.6425035195559e-02  2.6701765729054e-09
  6.7421875000000e+00  4.5458001526672e-02  4.5458010982018e-02  9.4553459228930e-09
  6.7578125000000e+00  4.4505717002768e-02  4.4505696534814e-02  2.0467953935899e-08
  6.7734375000000e+00  4.3568012575570e-02  4.3568013743554e-02  1.1679840150602e-09
  6.7890625000000e+00  4.2644884226800e-02  4.2644880837414e-02  3.3893862716461e-09
  6.8046875000000e+00  4.1736214408869e-02  4.1736212501753e-02  1.9071162704609e-09
  6.8203125000000e+00  4.0841919733271e-02  4.0841919994415e-02  2.6114393286703e-10
  6.8359375000000e+00  3.9961910994069e-02  3.9961911261619e-02  2.6754993359690e-10
  6.8515625000000e+00  3.9096090787984e-02  3.9096091053376e-02  2.6539156289251e-10
  6.8671875000000e+00  3.8244360468776e-02  3.8244361038356e-02  5.6958033428645e-10
  6.8828125000000e+00  3.7406618858436e-02  3.7406619918135e-02  1.0596992103262e-09
  6.8984375000000e+00  3.6582763644835e-02  3.6582763540746e-02  1.0408846701226e-10
  6.9140625000000e+00  3.5772686109412e-02  3.5772685013477e-02  1.0959343016426e-09
  6.9296875000000e+00  3.4976275895922e-02  3.4976274814844e-02  1.0810780534665e-09
  6.9453125000000e+00  3.4193419424784e-02  3.4193420905675e-02  1.4808908682662e-09
  6.9609375000000e+00  3.3424005553774e-02  3.3424008839253e-02  3.2854783685310e-09
  6.9765625000000e+00  3.2667923659594e-02  3.2667921870448e-02  1.7891466155828e-09
  6.9921875000000e+00  3.1925034270631e-02  3.1925041063789e-02  6.7931589381454e-09
  7.0078125000000e+00  3.1195259355550e-02  3.1195245400422e-02  1.3955127883131e-08
  7.0234375000000e+00  3.0478411037070e-02  3.0478411883889e-02  8.4681955545007e-10
  7.0390625000000e+00  2.9774417988899e-02  2.9774415644706e-02  2.3441925206535e-09
  7.0546875000000e+00  2.9083131333311e-02  2.9083130043656e-02  1.2896556184083e-09
  7.0703125000000e+00  2.8404426569928e-02  2.8404426773781e-02  2.0385355556374e-10
  7.0859375000000e+00  2.7738175752233e-02  2.7738175961017e-02  2.0878403866886e-10
  7.1015625000000e+00  2.7084246068350e-02  2.7084246263427e-02  1.9507734316804e-10
  7.1171875000000e+00  2.6442504572449e-02  2.6442504969002e-02  3.9655323469390e-10
  7.1328125000000e+00  2.5812817369100e-02  2.5812818091988e-02  7.2288823538269e-10
  7.1484375000000e+00  2.5195050536087e-02  2.5195050467703e-02  6.8384110873954e-11
  7.1640625000000e+00  2.4589066602584e-02  2.4589065845813e-02  7.5677172861610e-10
  7.1796875000000e+00  2.3994727731669e-02  2.3994726982039e-02  7.4963023288799e-10
  7.1953125000000e+00  2.3411894737471e-02  2.3411895728259e-02  9.9078834372990e-10
  7.2109375000000e+00  2.2840430867294e-02  2.2840433120984e-02  2.2536897452408e-09
  7.2265625000000e+00  2.2280200626768e-02  2.2280199468182e-02  1.1585861159347e-09
  7.2421875000000e+00  2.1731049709620e-02  2.1731054434430e-02  4.7248101958663e-09
  7.2578125000000e+00  2.1192866332517e-02  2.1192857124365e-02  9.2081525911170e-09
  7.2734375000000e+00  2.0665465570420e-02  2.0665466164422e-02  5.9400180954516e-10
  7.2890625000000e+00  2.0148741353508e-02  2.0148739782847e-02  1.5706609901578e-09
  7.3046875000000e+00  1.9642536731744e-02  1.9642535887956e-02  8.4378748085867e-10
  7.3203125000000e+00  1.9146711991963e-02  1.9146712144637e-02  1.5267368272398e-10
  7.3359375000000e+00  1.8661125893245e-02  1.8661126049084e-02  1.5583812365549e-10
  7.3515625000000e+00  1.8185634863239e-02  1.8185635001746e-02  1.3850770530510e-10
  7.3671875000000e+00  1.7720096110868e-02  1.7720096378497e-02  2.6762818350345e-10
  7.3828125000000e+00  1.7264367122462e-02  1.7264367599996e-02  4.7753383192184e-10
  7.3984375000000e+00  1.6818306242873e-02  1.6818306199267e-02  4.3606472599489e-11
  7.4140625000000e+00  1.6381770393807e-02  1.6381769887463e-02  5.0634409512473e-10
  7.4296875000000e+00  1.5954617121147e-02  1.5954616617838e-02  5.0330894660333e-10
  7.4453125000000e+00  1.5536704005777e-02  1.5536704647905e-02  6.4212757160120e-10
  7.4609375000000e+00  1.5127891102386e-02  1.5127892599807e-02  1.4974211801078e-09
  7.4765625000000e+00  1.4728040243729e-02  1.4728039518880e-02  7.2484900026648e-10
  7.4921875000000e+00  1.4337001748874e-02  1.4337004930431e-02  3.1815575295829e-09
  7.5078125000000e+00  1.3954654774393e-02  1.3954648894723e-02  5.8796698620966e-09
  7.5234375000000e+00  1.3580831656944e-02  1.3580832060189e-02  4.0324517336376e-10
  7.5390625000000e+00  1.3215416734502e-02  1.3215415714867e-02  1.0196344740754e-09
  7.5546875000000e+00  1.2858262369927e-02  1.2858261836086e-02  5.3384069734208e-10
  7.5703125000000e+00  1.2509233028796e-02  1.2509233138393e-02  1.0959663732102e-10
  7.5859375000000e+00  1.2168193007850e-02  1.2168193119746e-02  1.1189650594989e-10
  7.6015625000000e+00  1.1835006011420e-02  1.1835006105995e-02  9.4574407333292e-11
  7.6171875000000e+00  1.1509537117847e-02  1.1509537293635e-02  1.7578782873784e-10
  7.6328125000000e+00  1.1191652486800e-02  1.1191652790886e-02  3.0408586239317e-10
  7.6484375000000e+00  1.0881219681230e-02  1.0881219657086e-02  2.4143445923053e-11
  7.6640625000000e+00  1.0578106273995e-02  1.0578105940429e-02  3.3356613478308e-10
  7.6796875000000e+00  1.0282181032843e-02  1.0282180714063e-02  3.1877968841021e-10
  7.6953125000000e+00  9.9933137190503e-03  9.9933141105694e-03  3.9151906543189e-10
  7.7109375000000e+00  9.7113763783011e-03  9.7113773548392e-03  9.7653810558762e-10
  7.7265625000000e+00  9.4362432419396e-03  9.4362427953747e-03  4.4656486668238e-10
  7.7421875000000e+00  9.1677818590332e-03  9.1677839340303e-03  2.0749970595924e-09
  7.7578125000000e+00  8.9058790703461e-03  8.9058754542200e-03  3.6161260947437e-09
  7.7734375000000e+00  8.6503930071148e-03  8.6503932476139e-03  2.4049908245449e-10
  7.7890625000000e+00  8.4012150656864e-03  8.4012144393454e-03  6.2634097908187e-10
  7.8046875000000e+00  8.1582177281175e-03  8.1582174117567e-03  3.1636077611752e-10
  7.8203125000000e+00  7.9212817888433e-03  7.9212818267036e-03  3.7860372822940e-11
  7.8359375000000e+00  7.6902885277811e-03  7.6902886464487e-03  1.1866753326512e-10
  7.8515625000000e+00  7.4651201001763e-03  7.4651201531657e-03  5.2989336876696e-11
  7.8671875000000e+00  7.2456598699307e-03  7.2456599670832e-03  9.7152555098012e-11
  7.8828125000000e+00  7.0317928975380e-03  7.0317930632937e-03  1.6575567394345e-10
  7.8984375000000e+00  6.8234057556980e-03  6.8234057872541e-03  3.1556099747143e-11
  7.9140625000000e+00  6.6203860415431e-03  6.6203858690066e-03  1.7253648770116e-10
  7.9296875000000e+00  6.4226226288293e-03  6.4226224361459e-03  1.9268339528089e-10
  7.9453125000000e+00  6.2300059581815e-03  6.2300060255616e-03  6.7380138794870e-11
  7.9609375000000e+00  6.0424281811279e-03  6.0424285939834e-03  4.1285545121506e-10
  7.9765625000000e+00  5.8597838671398e-03  5.8597835273566e-03  3.3978316601319e-10
  7.9921875000000e+00  5.6819632832481e-03  5.6819656490778e-03  2.3658296190165e-09
