#              Coord.            Numerical           Analytical                Error
  7.8125000000000e-03  4.8434913532415e-03  4.8433651863671e-03  1.2616687441059e-07
  2.3437500000000e-02  4.9982497971286e-03  4.9980617625904e-03  1.8803453816565e-07
  3.9062500000000e-02  5.1572940307356e-03  5.1570697678048e-03  2.2426293083602e-07
  5.4687500000000e-02  5.3207334425357e-03  5.3204869301125e-03  2.4651242313059e-07
  7.0312500000000e-02  5.4886735912374e-03  5.4884124404169e-03  2.6115082054929e-07
  8.5937500000000e-02  5.6612169458738e-03  5.6609469495811e-03  2.6999629268529e-07
  1.0156250000000e-01  5.8384678245928e-03  5.8381925645933e-03  2.7525999952028e-07
  1.1718750000000e-01  6.0205320908922e-03  6.0202528437074e-03  2.7924718470039e-07
  1.3281250000000e-01  6.2075172303518e-03  6.2072327905326e-03  2.8443981918251e-07
  1.4843750000000e-01  6.3995323009200e-03  6.3992388470418e-03  2.9345387816092e-07
  1.6406250000000e-01  6.5966828954107e-03  6.5963788854720e-03  3.0400993872477e-07
  1.7968750000000e-01  6.7990754210202e-03  6.7987621990861e-03  3.1322193410916e-07
  1.9531250000000e-01  7.0068215428092e-03  7.0064994917701e-03  3.2205103906585e-07
  2.1093750000000e-01  7.2200344182266e-03  7.2197028664360e-03  3.3155179061765e-07
  2.2656250000000e-01  7.4388272148848e-03  7.4384858122022e-03  3.4140268255056e-07
  2.4218750000000e-01  7.6633146013197e-03  7.6629631903258e-03  3.5141099390991e-07
  2.5781250000000e-01  7.8936128805339e-03  7.8932512188558e-03  3.6166167807078e-07
  2.7343750000000e-01  8.1298396335737e-03  8.1294674559833e-03  3.7217759036451e-07
  2.8906250000000e-01  8.3721137330096e-03  8.3717307820593e-03  3.8295095027355e-07
  3.0468750000000e-01  8.6205553668105e-03  8.6201613802546e-03  3.9398655596844e-07
  3.2031250000000e-01  8.8752860061927e-03  8.8748807158351e-03  4.0529035764958e-07
  3.3593750000000e-01  9.1364283810494e-03  9.1360115140273e-03  4.1686702207874e-07
  3.5156250000000e-01  9.4041064578432e-03  9.4036777364476e-03  4.2872139553209e-07
  3.6718750000000e-01  9.6784454144958e-03  9.6780045560712e-03  4.4085842464299e-07
  3.8281250000000e-01  9.9595716137853e-03  9.9591183307158e-03  4.5328306949761e-07
  3.9843750000000e-01  1.0247612575339e-02  1.0247146575017e-02  4.6600032209583e-07
  4.1406250000000e-01  1.0542696946077e-02  1.0542217930872e-02  4.7901520553936e-07
  4.2968750000000e-01  1.0844954469098e-02  1.0844462136327e-02  4.9233277183737e-07
  4.4531250000000e-01  1.1154515950990e-02  1.1154009992890e-02  5.0595809990631e-07
  4.6093750000000e-01  1.1471513227540e-02  1.1470993331247e-02  5.1989629358887e-07
  4.7656250000000e-01  1.1796079127838e-02  1.1795544975357e-02  5.3415248031131e-07
  4.9218750000000e-01  1.2128347436724e-02  1.2127798704915e-02  5.4873180875895e-07
  5.0781250000000e-01  1.2468452855598e-02  1.2467889216151e-02  5.6363944672330e-07
  5.2343750000000e-01  1.2816530961546e-02  1.2815952080966e-02  5.7888057981847e-07
  5.3906250000000e-01  1.3172718164775e-02  1.3172123704366e-02  5.9446040856503e-07
  5.5468750000000e-01  1.3537151664347e-02  1.3536541280200e-02  6.1038414630836e-07
  5.7031250000000e-01  1.3909969402189e-02  1.3909342745172e-02  6.2665701749953e-07
  5.8593750000000e-01  1.4291310015369e-02  1.4290666731114e-02  6.4328425470467e-07
  6.0156250000000e-01  1.4681312786621e-02  1.4680652515524e-02  6.6027109615202e-07
  6.1718750000000e-01  1.5080117593117e-02  1.5079439970332e-02  6.7762278444829e-07
  6.3281250000000e-01  1.5487864853468e-02  1.5487169508906e-02  6.9534456219496e-07
  6.4843750000000e-01  1.5904695472945e-02  1.5903982031274e-02  7.1344167099432e-07
  6.6406250000000e-01  1.6330750786917e-02  1.6330018867569e-02  7.3191934810840e-07
  6.7968750000000e-01  1.6766172502494e-02  1.6765421719671e-02  7.5078282332428e-07
  6.9531250000000e-01  1.7211102638381e-02  1.7210332601064e-02  7.7003731688285e-07
  7.1093750000000e-01  1.7665683462922e-02  1.7664893774885e-02  7.8968803621238e-07
  7.2656250000000e-01  1.8130057430345e-02  1.8129247690172e-02  8.0974017313204e-07
  7.4218750000000e-01  1.8604367115213e-02  1.8603536916312e-02  8.3019890067745e-07
  7.5781250000000e-01  1.9088755145057e-02  1.9087904075687e-02  8.5106937043958e-07
  7.7343750000000e-01  1.9583364131225e-02  1.9582491774517e-02  8.7235670839098e-07
  7.8906250000000e-01  2.0088336597928e-02  2.0087442531915e-02  8.9406601332803e-07
  8.0468750000000e-01  2.0603814909498e-02  2.0602898707146e-02  9.1620235215598e-07
  8.2031250000000e-01  2.1129941195869e-02  2.1129002425111e-02  9.3877075722781e-07
  8.3593750000000e-01  2.1666857276277e-02  2.1665895500055e-02  9.6177622271529e-07
  8.5156250000000e-01  2.2214704581214e-02  2.2213719357512e-02  9.8522370171189e-07
  8.6718750000000e-01  2.2773624072615e-02  2.2772614954513e-02  1.0091181015803e-06
  8.8281250000000e-01  2.3343756162330e-02  2.3342722698048e-02  1.0334642820409e-06
  8.9843750000000e-01  2.3925240628866e-02  2.3924182361816e-02  1.0582670498908e-06
  9.1406250000000e-01  2.4518216532440e-02  2.4517133001284e-02  1.0835311563713e-06
  9.2968750000000e-01  2.5122822128350e-02  2.5121712867057e-02  1.1092612931668e-06
  9.4531250000000e-01  2.5739194778690e-02  2.5738059316601e-02  1.1354620886271e-06
  9.6093750000000e-01  2.6367470862438e-02  2.6366308724334e-02  1.1621381036594e-06
  9.7656250000000e-01  2.7007785683939e-02  2.7006596390111e-02  1.1892938283770e-06
  9.9218750000000e-01  2.7660273379811e-02  2.7659056446132e-02  1.2169336784627e-06
  1.0078125000000e+00  2.8325066824303e-02  2.8323821762314e-02  1.2450619887375e-06
  1.0234375000000e+00  2.9002297533149e-02  2.9001023850136e-02  1.2736830132601e-06
  1.0390625000000e+00  2.9692095565939e-02  2.9690792765020e-02  1.3028009183888e-06
  1.0546875000000e+00  3.0394589427041e-02  3.0393257007263e-02  1.3324197781529e-06
  1.0703125000000e+00  3.1109905965141e-02  3.1108543421567e-02  1.3625435731461e-06
  1.0859375000000e+00  3.1838170271400e-02  3.1836777095217e-02  1.3931761830149e-06
  1.1015625000000e+00  3.2579505576312e-02  3.2578081254927e-02  1.4243213851128e-06
  1.1171875000000e+00  3.3334033145276e-02  3.3332577162427e-02  1.4559828485014e-06
  1.1328125000000e+00  3.4101872172948e-02  3.4100384008820e-02  1.4881641286907e-06
  1.1484375000000e+00  3.4883139676427e-02  3.4881618807759e-02  1.5208686674137e-06
  1.1640625000000e+00  3.5677950387299e-02  3.5676396287515e-02  1.5540997842858e-06
  1.1796875000000e+00  3.6486416642632e-02  3.6484828781959e-02  1.5878606731828e-06
  1.1953125000000e+00  3.7308648274946e-02  3.7307026120545e-02  1.6221544000619e-06
  1.2109375000000e+00  3.8144752501232e-02  3.8143095517335e-02  1.6569838969596e-06
  1.2265625000000e+00  3.8994833811081e-02  3.8993141459124e-02  1.6923519573706e-06
  1.2421875000000e+00  3.9858993853975e-02  3.9857265592743e-02  1.7282612318550e-06
  1.2578125000000e+00  4.0737331325817e-02  4.0735566611592e-02  1.7647142253815e-06
  1.2734375000000e+00  4.1629941854766e-02  4.1628140141474e-02  1.8017132916784e-06
  1.2890625000000e+00  4.2536917886427e-02  4.2535078625800e-02  1.8392606275855e-06
  1.3046875000000e+00  4.3458348568502e-02  4.3456471210231e-02  1.8773582709519e-06
  1.3203125000000e+00  4.4394319634938e-02  4.4392403626842e-02  1.9160080958550e-06
  1.3359375000000e+00  4.5344913289674e-02  4.5342958077867e-02  1.9552118065216e-06
  1.3515625000000e+00  4.6310208090054e-02  4.6308213119119e-02  1.9949709347891e-06
  1.3671875000000e+00  4.7290278829979e-02  4.7288243543144e-02  2.0352868350462e-06
  1.3828125000000e+00  4.8285196422896e-02  4.8283120262215e-02  2.0761606807917e-06
  1.3984375000000e+00  4.9295027784687e-02  4.9292910191228e-02  2.1175934589793e-06
  1.4140625000000e+00  5.0319835716557e-02  5.0317676130590e-02  2.1595859662632e-06
  1.4296875000000e+00  5.1359678788002e-02  5.1357476649197e-02  2.2021388053559e-06
  1.4453125000000e+00  5.2414611219950e-02  5.2412365967569e-02  2.2452523804131e-06
  1.4609375000000e+00  5.3484682768152e-02  5.3482393841259e-02  2.2889268931903e-06
  1.4765625000000e+00  5.4569938606935e-02  5.4567605444597e-02  2.3331623381917e-06
  1.4921875000000e+00  5.5670419213390e-02  5.5668041254890e-02  2.3779585004019e-06
  1.5078125000000e+00  5.6786160252103e-02  5.6783736937154e-02  2.4233149487352e-06
  1.5234375000000e+00  5.7917192460519e-02  5.7914723229485e-02  2.4692310338567e-06
  1.5390625000000e+00  5.9063541535045e-02  5.9061025829160e-02  2.5157058845954e-06
  1.5546875000000e+00  6.0225228017972e-02  6.0222665279568e-02  2.5627384032667e-06
  1.5703125000000e+00  6.1402267185341e-02  6.1399656858079e-02  2.6103272618289e-06
  1.5859375000000e+00  6.2594668935835e-02  6.2592010464936e-02  2.6584708985727e-06
  1.6015625000000e+00  6.3802437680810e-02  6.3799730513295e-02  2.7071675154783e-06
  1.6171875000000e+00  6.5025572235562e-02  6.5022815820489e-02  2.7564150726356e-06
  1.6328125000000e+00  6.6264065711938e-02  6.6261259500651e-02  2.8062112865102e-06
  1.6484375000000e+00  6.7517905412401e-02  6.7515048858774e-02  2.8565536269315e-06
  1.6640625000000e+00  6.8787072725641e-02  6.8784165286329e-02  2.9074393118195e-06
  1.6796875000000e+00  7.0071543023856e-02  7.0068584158550e-02  2.9588653056439e-06
  1.6953125000000e+00  7.1371285561797e-02  7.1368274733480e-02  3.0108283174402e-06
  1.7109375000000e+00  7.2686263377691e-02  7.2683200052896e-02  3.0633247945777e-06
  1.7265625000000e+00  7.4016433196150e-02  7.4013316845226e-02  3.1163509234128e-06
  1.7421875000000e+00  7.5361745333174e-02  7.5358575430550e-02  3.1699026241394e-06
  1.7578125000000e+00  7.6722143603356e-02  7.6718919627806e-02  3.2239755501928e-06
  1.7734375000000e+00  7.8097565229399e-02  7.8094286664316e-02  3.2785650833783e-06
  1.7890625000000e+00  7.9487940754051e-02  7.9484607087716e-02  3.3336663348565e-06
  1.8046875000000e+00  8.0893193954571e-02  8.0889804680431e-02  3.3892741393426e-06
  1.8203125000000e+00  8.2313241759836e-02  8.2309796376780e-02  3.4453830564385e-06
  1.8359375000000e+00  8.3747994170187e-02  8.3744492182822e-02  3.5019873654285e-06
  1.8515625000000e+00  8.5197354180133e-02  8.5193795099067e-02  3.5590810668895e-06
  1.8671875000000e+00  8.6661217704016e-02  8.6657601046138e-02  3.6166578780555e-06
  1.8828125000000e+00  8.8139473504737e-02  8.8135798793505e-02  3.6747112321378e-06
  1.8984375000000e+00  8.9632003125669e-02  8.9628269891389e-02  3.7332342797403e-06
  1.9140625000000e+00  9.1138680825832e-02  9.1134888605948e-02  3.7922198838219e-06
  1.9296875000000e+00  9.2659373518456e-02  9.2655521857837e-02  3.8516606198497e-06
  1.9453125000000e+00  9.4193940713035e-02  9.4190029164259e-02  3.9115487765751e-06
  1.9609375000000e+00  9.5742234460956e-02  9.5738262584601e-02  3.9718763546054e-06
  1.9765625000000e+00  9.7304099304814e-02  9.7300066669751e-02  4.0326350629893e-06
  1.9921875000000e+00  9.8879372231527e-02  9.8875278415202e-02  4.0938163246435e-06
  2.0078125000000e+00  1.0046788262930e-01  1.0046372721803e-01  4.1554112707176e-06
  2.0234375000000e+00  1.0206945224862e-01  1.0206523483788e-01  4.2174107436899e-06
  2.0390625000000e+00  1.0368389516724e-01  1.0367961536194e-01  4.2798052954790e-06
  2.0546875000000e+00  1.0531101775939e-01  1.0530667517420e-01  4.3425851915385e-06
  2.0703125000000e+00  1.0695061866923e-01  1.0694621292882e-01  4.4057404067072e-06
  2.0859375000000e+00  1.0860248878859e-01  1.0859801952796e-01  4.4692606289143e-06
  2.1015625000000e+00  1.1026641123922e-01  1.1026187810396e-01  4.5331352600264e-06
  2.1171875000000e+00  1.1194216135941e-01  1.1193756400599e-01  4.5973534153754e-06
  2.1328125000000e+00  1.1362950669534e-01  1.1362484479141e-01  4.6619039260898e-06
  2.1484375000000e+00  1.1532820699698e-01  1.1532348022164e-01  4.7267753421065e-06
  2.1640625000000e+00  1.1703801421878e-01  1.1703322226285e-01  4.7919559312687e-06
  2.1796875000000e+00  1.1875867252513e-01  1.1875381509145e-01  4.8574336820595e-06
  2.1953125000000e+00  1.2048991830070e-01  1.2048499510439e-01  4.9231963067664e-06
  2.2109375000000e+00  1.2223148016574e-01  1.2222649093449e-01  4.9892312434241e-06
  2.2265625000000e+00  1.2398307899634e-01  1.2397802347068e-01  5.0555256570634e-06
  2.2421875000000e+00  1.2574442794978e-01  1.2573930588334e-01  5.1220664445961e-06
  2.2578125000000e+00  1.2751523249495e-01  1.2751004365471e-01  5.1888402363975e-06
  2.2734375000000e+00  1.2929519044795e-01  1.2928993461455e-01  5.2558333986374e-06
  2.2890625000000e+00  1.3108399201292e-01  1.3107866898088e-01  5.3230320390674e-06
  2.3046875000000e+00  1.3288131982808e-01  1.3287592940607e-01  5.3904220079226e-06
  2.3203125000000e+00  1.3468684901707e-01  1.3468139102816e-01  5.4579889045558e-06
  2.3359375000000e+00  1.3650024724565e-01  1.3649472152757e-01  5.5257180779922e-06
  2.3515625000000e+00  1.3832117478369e-01  1.3831558118905e-01  5.5935946352559e-06
  2.3671875000000e+00  1.4014928457261e-01  1.4014362296917e-01  5.6616034408707e-06
  2.3828125000000e+00  1.4198422229818e-01  1.4197849256906e-01  5.7297291260749e-06
  2.3984375000000e+00  1.4382562646877e-01  1.4381982851268e-01  5.7979560904309e-06
  2.4140625000000e+00  1.4567312849902e-01  1.4566726223051e-01  5.8662685089028e-06
  2.4296875000000e+00  1.4752635279896e-01  1.4752041814863e-01  5.9346503346325e-06
  2.4453125000000e+00  1.4938491686862e-01  1.4937891378331e-01  6.0030853079873e-06
  2.4609375000000e+00  1.5124843139801e-01  1.5124235984105e-01  6.0715569580594e-06
  2.4765625000000e+00  1.5311650037265e-01  1.5311036032404e-01  6.1400486104923e-06
  2.4921875000000e+00  1.5498872118447e-01  1.5498251264108e-01  6.2085433946979e-06
  2.5078125000000e+00  1.5686468474814e-01  1.5685840772389e-01  6.2770242489907e-06
  2.5234375000000e+00  1.5874397562284e-01  1.5873763014892e-01  6.3454739233915e-06
  2.5390625000000e+00  1.6062617213941e-01  1.6061975826442e-01  6.4138749925335e-06
  2.5546875000000e+00  1.6251084653279e-01  1.6250436432293e-01  6.4822098603257e-06
  2.5703125000000e+00  1.6439756507990e-01  1.6439101461914e-01  6.5504607618949e-06
  2.5859375000000e+00  1.6628588824266e-01  1.6627926963289e-01  6.6186097766319e-06
  2.6015625000000e+00  1.6817537081640e-01  1.6816868417757e-01  6.6866388357956e-06
  2.6171875000000e+00  1.7006556208332e-01  1.7005880755360e-01  6.7545297237348e-06
  2.6328125000000e+00  1.7195600597119e-01  1.7194918370710e-01  6.8222640900450e-06
  2.6484375000000e+00  1.7384624121708e-01  1.7383935139362e-01  6.8898234600601e-06
  2.6640625000000e+00  1.7573580153613e-01  1.7572884434690e-01  6.9571892357401e-06
  2.6796875000000e+00  1.7762421579523e-01  1.7761719145252e-01  7.0243427094940e-06
  2.6953125000000e+00  1.7951100819162e-01  1.7950391692655e-01  7.0912650683708e-06
  2.7109375000000e+00  1.8139569843625e-01  1.8138854049885e-01  7.1579374060216e-06
  2.7265625000000e+00  1.8327780194188e-01  1.8327057760115e-01  7.2243407297778e-06
  2.7421875000000e+00  1.8515683001576e-01  1.8514953955979e-01  7.2904559672571e-06
  2.7578125000000e+00  1.8703229005691e-01  1.8702493379293e-01  7.3562639792413e-06
  2.7734375000000e+00  1.8890368575775e-01  1.8889626401219e-01  7.4217455645620e-06
  2.7890625000000e+00  1.9077051731012e-01  1.9076303042865e-01  7.4868814722850e-06
  2.8046875000000e+00  1.9263228161548e-01  1.9262472996307e-01  7.5516524079278e-06
  2.8203125000000e+00  1.9448847249927e-01  1.9448085646022e-01  7.6160390455882e-06
  2.8359375000000e+00  1.9633858092919e-01  1.9633090090715e-01  7.6800220357442e-06
  2.8515625000000e+00  1.9818209523742e-01  1.9817435165540e-01  7.7435820141913e-06
  2.8671875000000e+00  2.0001850134652e-01  2.0001069464691e-01  7.8066996127557e-06
  2.8828125000000e+00  2.0184728299901e-01  2.0183941364354e-01  7.8693554690090e-06
  2.8984375000000e+00  2.0366792199036e-01  2.0365999046012e-01  7.9315302339011e-06
  2.9140625000000e+00  2.0547989840537e-01  2.0547190520078e-01  7.9932045841669e-06
  2.9296875000000e+00  2.0728269085771e-01  2.0727463649848e-01  8.0543592317905e-06
  2.9453125000000e+00  2.0907577673254e-01  2.0906766175761e-01  8.1149749304732e-06
  2.9609375000000e+00  2.1085863243199e-01  2.1085045739950e-01  8.1750324913421e-06
  2.9765625000000e+00  2.1263073362343e-01  2.1262249911064e-01  8.2345127878636e-06
  2.9921875000000e+00  2.1439155549024e-01  2.1438326209347e-01  8.2933967676946e-06
  3.0078125000000e+00  2.1614057298512e-01  2.1613222131966e-01  8.3516654640625e-06
  3.0234375000000e+00  2.1787726108554e-01  2.1786885178554e-01  8.4093000036756e-06
  3.0390625000000e+00  2.1960109505133e-01  2.1959262876971e-01  8.4662816178527e-06
  3.0546875000000e+00  2.2131155068418e-01  2.2130302809253e-01  8.5225916517939e-06
  3.0703125000000e+00  2.2300810458887e-01  2.2299952637730e-01  8.5782115772648e-06
  3.0859375000000e+00  2.2469023443607e-01  2.2468160131307e-01  8.6331229986747e-06
  3.1015625000000e+00  2.2635741922647e-01  2.2634873191881e-01  8.6873076662330e-06
  3.1171875000000e+00  2.2800913955620e-01  2.2800039880871e-01  8.7407474848866e-06
  3.1328125000000e+00  2.2964487788313e-01  2.2963608445861e-01  8.7934245237287e-06
  3.1484375000000e+00  2.3126411879413e-01  2.3125527347310e-01  8.8453210266570e-06
  3.1640625000000e+00  2.3286634927282e-01  2.3285745285340e-01  8.8964194232544e-06
  3.1796875000000e+00  2.3445105896788e-01  2.3444211226554e-01  8.9467023373369e-06
  3.1953125000000e+00  2.3601774046151e-01  2.3600874430892e-01  8.9961525960303e-06
  3.2109375000000e+00  2.3756588953800e-01  2.3755684478476e-01  9.0447532404003e-06
  3.2265625000000e+00  2.3909500545209e-01  2.3908591296456e-01  9.0924875364717e-06
  3.2421875000000e+00  2.4060459119707e-01  2.4059545185809e-01  9.1393389830552e-06
  3.2578125000000e+00  2.4209415377223e-01  2.4208496848091e-01  9.1852913209345e-06
  3.2734375000000e+00  2.4356320444963e-01  2.4355397412109e-01  9.2303285434692e-06
  3.2890625000000e+00  2.4501125903991e-01  2.4500198460501e-01  9.2744349054208e-06
  3.3046875000000e+00  2.4643783815694e-01  2.4642852056201e-01  9.3175949321678e-06
  3.3203125000000e+00  2.4784246748112e-01  2.4783310768769e-01  9.3597934293643e-06
  3.3359375000000e+00  2.4922467802114e-01  2.4921527700565e-01  9.4010154884083e-06
  3.3515625000000e+00  2.5058400637397e-01  2.5057456512747e-01  9.4412464994309e-06
  3.3671875000000e+00  2.5191999498292e-01  2.5191051451076e-01  9.4804721592068e-06
  3.3828125000000e+00  2.5323219239351e-01  2.5322267371503e-01  9.5186784776491e-06
  3.3984375000000e+00  2.5452015350702e-01  2.5451059765523e-01  9.5558517865801e-06
  3.4140625000000e+00  2.5578343983147e-01  2.5577384785272e-01  9.5919787498344e-06
  3.4296875000000e+00  2.5702161972987e-01  2.5701199268350e-01  9.6270463689763e-06
  3.4453125000000e+00  2.5823426866546e-01  2.5822460762346e-01  9.6610419920151e-06
  3.4609375000000e+00  2.5942096944390e-01  2.5941127549058e-01  9.6939533212326e-06
  3.4765625000000e+00  2.6058131245207e-01  2.6057158668365e-01  9.7257684195107e-06
  3.4921875000000e+00  2.6171489589334e-01  2.6170513941762e-01  9.7564757191582e-06
  3.5078125000000e+00  2.6282132601916e-01  2.6281153995513e-01  9.7860640285163e-06
  3.5234375000000e+00  2.6390021735670e-01  2.6389040283416e-01  9.8145225360668e-06
  3.5390625000000e+00  2.6495119293247e-01  2.6494135109165e-01  9.8418408210343e-06
  3.5546875000000e+00  2.6597388449163e-01  2.6596401648277e-01  9.8680088577718e-06
  3.5703125000000e+00  2.6696793271283e-01  2.6695803969581e-01  9.8930170214229e-06
  3.5859375000000e+00  2.6793298741851e-01  2.6792307056242e-01  9.9168560938612e-06
  3.6015625000000e+00  2.6886870778034e-01  2.6885876826307e-01  9.9395172727390e-06
  3.6171875000000e+00  2.6977476251972e-01  2.6976480152755e-01  9.9609921702659e-06
  3.6328125000000e+00  2.7065083010314e-01  2.7064084883032e-01  9.9812728246440e-06
  3.6484375000000e+00  2.7149659893230e-01  2.7148659858060e-01  1.0000351701067e-05
  3.6640625000000e+00  2.7231176752874e-01  2.7230174930704e-01  1.0018221699382e-05
  3.6796875000000e+00  2.7309604471286e-01  2.7308600983670e-01  1.0034876156084e-05
  3.6953125000000e+00  2.7384914977725e-01  2.7383909946840e-01  1.0050308848264e-05
  3.7109375000000e+00  2.7457081265410e-01  2.7456074814010e-01  1.0064514000319e-05
  3.7265625000000e+00  2.7526077407655e-01  2.7525069659026e-01  1.0077486285009e-05
  3.7421875000000e+00  2.7591878573392e-01  2.7590869651309e-01  1.0089220826848e-05
  3.7578125000000e+00  2.7654461042064e-01  2.7653451070743e-01  1.0099713206480e-05
  3.7734375000000e+00  2.7713802217871e-01  2.7712791321924e-01  1.0108959463073e-05
  3.7890625000000e+00  2.7769880643369e-01  2.7768868947760e-01  1.0116956095985e-05
  3.8046875000000e+00  2.7822676012400e-01  2.7821663642393e-01  1.0123700066977e-05
  3.8203125000000e+00  2.7872169182342e-01  2.7871156263462e-01  1.0129188804164e-05
  3.8359375000000e+00  2.7918342185681e-01  2.7917328843661e-01  1.0133420200897e-05
  3.8515625000000e+00  2.7961178240879e-01  2.7960164601617e-01  1.0136392618543e-05
  3.8671875000000e+00  2.8000661762537e-01  2.7999647952048e-01  1.0138104887814e-05
  3.8828125000000e+00  2.8036778370849e-01  2.8035764515218e-01  1.0138556308326e-05
  3.8984375000000e+00  2.8069514900329e-01  2.8068501125664e-01  1.0137746651040e-05
  3.9140625000000e+00  2.8098859407807e-01  2.8097845840191e-01  1.0135676156153e-05
  3.9296875000000e+00  2.8124801179692e-01  2.8123787945139e-01  1.0132345533154e-05
  3.9453125000000e+00  2.8147330738493e-01  2.8146317962897e-01  1.0127755963818e-05
  3.9609375000000e+00  2.8166439848586e-01  2.8165427657677e-01  1.0121909097327e-05
  3.9765625000000e+00  2.8182121521235e-01  2.8181110040529e-01  1.0114807050710e-05
  3.9921875000000e+00  2.8194370018846e-01  2.8193359373605e-01  1.0106452408731e-05
  4.0078125000000e+00  2.8203180858474e-01  2.8202171173652e-01  1.0096848222119e-05
  4.0234375000000e+00  2.8208550814549e-01  2.8207542214749e-01  1.0085997999676e-05
  4.0390625000000e+00  2.8210477920851e-01  2.8209470530279e-01  1.0073905719998e-05
  4.0546875000000e+00  2.8208961471705e-01  2.8207955414123e-01  1.0060575815984e-05
  4.0703125000000e+00  2.8204002022412e-01  2.8202997421095e-01  1.0046013174170e-05
  4.0859375000000e+00  2.8195601388916e-01  2.8194598366602e-01  1.0030223138557e-05
  4.1015625000000e+00  2.8183762646686e-01  2.8182761325536e-01  1.0013211500293e-05
  4.1171875000000e+00  2.8168490128849e-01  2.8167490630399e-01  9.9949844990510e-06
  4.1328125000000e+00  2.8149789423541e-01  2.8148791868659e-01  9.9755488148778e-06
  4.1484375000000e+00  2.8127667370500e-01  2.8126671879343e-01  9.9549115673558e-06
  4.1640625000000e+00  2.8102132056900e-01  2.8101138748869e-01  9.9330803099984e-06
  4.1796875000000e+00  2.8073192812420e-01  2.8072201806118e-01  9.9100630254201e-06
  4.1953125000000e+00  2.8040860203566e-01  2.8039871616754e-01  9.8858681215064e-06
  4.2109375000000e+00  2.8005146027239e-01  2.8004159976796e-01  9.8605044249189e-06
  4.2265625000000e+00  2.7966063303562e-01  2.7965079905444e-01  9.8339811771542e-06
  4.2421875000000e+00  2.7923626267970e-01  2.7922645637167e-01  9.8063080268829e-06
  4.2578125000000e+00  2.7877850362569e-01  2.7876872613066e-01  9.7774950273410e-06
  4.2734375000000e+00  2.7828752226770e-01  2.7827777471507e-01  9.7475526273372e-06
  4.2890625000000e+00  2.7776349687210e-01  2.7775378038043e-01  9.7164916656456e-06
  4.3046875000000e+00  2.7720661746964e-01  2.7719693314627e-01  9.6843233646227e-06
  4.3203125000000e+00  2.7661708574061e-01  2.7660743468129e-01  9.6510593244337e-06
  4.3359375000000e+00  2.7599511489315e-01  2.7598549818163e-01  9.6167115149481e-06
  4.3515625000000e+00  2.7534092953468e-01  2.7533134824241e-01  9.5812922685790e-06
  4.3671875000000e+00  2.7465476553679e-01  2.7464522072252e-01  9.5448142735655e-06
  4.3828125000000e+00  2.7393686989351e-01  2.7392736260294e-01  9.5072905656468e-06
  4.3984375000000e+00  2.7318750057311e-01  2.7317803183859e-01  9.4687345201794e-06
  4.4140625000000e+00  2.7240692636370e-01  2.7239749720386e-01  9.4291598453644e-06
  4.4296875000000e+00  2.7159542671251e-01  2.7158603813194e-01  9.3885805745875e-06
  4.4453125000000e+00  2.7075329155925e-01  2.7074394454819e-01  9.3470110545391e-06
  4.4609375000000e+00  2.6988082116345e-01  2.6987151669751e-01  9.3044659409958e-06
  4.4765625000000e+00  2.6897832592617e-01  2.6896906496599e-01  9.2609601872740e-06
  4.4921875000000e+00  2.6804612620594e-01  2.6803690969691e-01  9.2165090372354e-06
  4.5078125000000e+00  2.6708455212935e-01  2.6707538100134e-01  9.1711280171269e-06
  4.5234375000000e+00  2.6609394339630e-01  2.6608481856338e-01  9.1248329222582e-06
  4.5390625000000e+00  2.6507464908009e-01  2.6506557144028e-01  9.0776398129488e-06
  4.5546875000000e+00  2.6402702742255e-01  2.6401799785754e-01  9.0295650033712e-06
  4.5703125000000e+00  2.6295144562434e-01  2.6294246499929e-01  8.9806250498925e-06
  4.5859375000000e+00  2.6184827963062e-01  2.6183934879388e-01  8.9308367460794e-06
  4.6015625000000e+00  2.6071791391229e-01  2.6070903369518e-01  8.8802171087088e-06
  4.6171875000000e+00  2.5956074124282e-01  2.5955191245945e-01  8.8287833713840e-06
  4.6328125000000e+00  2.5837716247116e-01  2.5836838591819e-01  8.7765529726003e-06
  4.6484375000000e+00  2.5716758629053e-01  2.5715886274699e-01  8.7235435470845e-06
  4.6640625000000e+00  2.5593242900365e-01  2.5592375923073e-01  8.6697729156371e-06
  4.6796875000000e+00  2.5467211428427e-01  2.5466349902519e-01  8.6152590755284e-06
  4.6953125000000e+00  2.5338707293546e-01  2.5337851291527e-01  8.5600201889524e-06
  4.7109375000000e+00  2.5207774264469e-01  2.5206923857011e-01  8.5040745754217e-06
  4.7265625000000e+00  2.5074456773589e-01  2.5073612029519e-01  8.4474406994994e-06
  4.7421875000000e+00  2.4938799891884e-01  2.4937960878167e-01  8.3901371628337e-06
  4.7578125000000e+00  2.4800849303589e-01  2.4800016085320e-01  8.3321826913063e-06
  4.7734375000000e+00  2.4660651280636e-01  2.4659823921023e-01  8.2735961280112e-06
  4.7890625000000e+00  2.4518252656874e-01  2.4517431217232e-01  8.2143964197368e-06
  4.8046875000000e+00  2.4373700802091e-01  2.4372885341830e-01  8.1546026107493e-06
  4.8203125000000e+00  2.4227043595856e-01  2.4226234172473e-01  8.0942338283874e-06
  4.8359375000000e+00  2.4078329401212e-01  2.4077526070284e-01  8.0333092762896e-06
  4.8515625000000e+00  2.3927607038219e-01  2.3926809853397e-01  7.9718482246527e-06
  4.8671875000000e+00  2.3774925757392e-01  2.3774134770392e-01  7.9098699952984e-06
  4.8828125000000e+00  2.3620335213031e-01  2.3619550473635e-01  7.8473939580659e-06
  4.8984375000000e+00  2.3463885436482e-01  2.3463106992531e-01  7.7844395167392e-06
  4.9140625000000e+00  2.3305626809339e-01  2.3304854706729e-01  7.7210261001937e-06
  4.9296875000000e+00  2.3145610036602e-01  2.3144844319287e-01  7.6571731531527e-06
  4.9453125000000e+00  2.2983886119831e-01  2.2983126829819e-01  7.5929001253083e-06
  4.9609375000000e+00  2.2820506330288e-01  2.2819753507642e-01  7.5282264629939e-06
  4.9765625000000e+00  2.2655522182112e-01  2.2654775864952e-01  7.4631715986928e-06
  4.9921875000000e+00  2.2488985405528e-01  2.2488245630034e-01  7.3977549411575e-06
  5.0078125000000e+00  2.2320947920122e-01  2.2320214720536e-01  7.3319958673324e-06
  5.0234375000000e+00  2.2151461808192e-01  2.2150735216821e-01  7.2659137102526e-06
  5.0390625000000e+00  2.1980579288200e-01  2.1979859335424e-01  7.1995277550752e-06
  5.0546875000000e+00  2.1808352688337e-01  2.1807639402615e-01  7.1328572239238e-06
  5.0703125000000e+00  2.1634834420232e-01  2.1634127828105e-01  7.0659212707824e-06
  5.0859375000000e+00  2.1460076952805e-01  2.1459377078908e-01  6.9987389713921e-06
  5.1015625000000e+00  2.1284132786297e-01  2.1283439653365e-01  6.9313293143414e-06
  5.1171875000000e+00  2.1107054426489e-01  2.1106368055369e-01  6.8637111932390e-06
  5.1328125000000e+00  2.0928894359126e-01  2.0928214768786e-01  6.7959033973330e-06
  5.1484375000000e+00  2.0749705024566e-01  2.0749032232105e-01  6.7279246034335e-06
  5.1640625000000e+00  2.0569538792664e-01  2.0568872813327e-01  6.6597933691681e-06
  5.1796875000000e+00  2.0388447937924e-01  2.0387788785112e-01  6.5915281231288e-06
  5.1953125000000e+00  2.0206484614907e-01  2.0205832300191e-01  6.5231471566563e-06
  5.2109375000000e+00  2.0023700833940e-01  2.0023055367078e-01  6.4546686178724e-06
  5.2265625000000e+00  1.9840148437124e-01  1.9839509826074e-01  6.3861105046026e-06
  5.2421875000000e+00  1.9655879074657e-01  1.9655247325592e-01  6.3174906546892e-06
  5.2578125000000e+00  1.9470944181492e-01  1.9470319298818e-01  6.2488267393301e-06
  5.2734375000000e+00  1.9285394954341e-01  1.9284776940715e-01  6.1801362587488e-06
  5.2890625000000e+00  1.9099282329036e-01  1.9098671185383e-01  6.1114365320081e-06
  5.3046875000000e+00  1.8912656958269e-01  1.8912052683800e-01  6.0427446915423e-06
  5.3203125000000e+00  1.8725569189708e-01  1.8724971781940e-01  5.9740776785500e-06
  5.3359375000000e+00  1.8538069044521e-01  1.8537478499298e-01  5.9054522325575e-06
  5.3515625000000e+00  1.8350206196301e-01  1.8349622507812e-01  5.8368848915025e-06
  5.3671875000000e+00  1.8162029950418e-01  1.8161453111220e-01  5.7683919794105e-06
  5.3828125000000e+00  1.7973589223798e-01  1.7973019224838e-01  5.6999896027587e-06
  5.3984375000000e+00  1.7784932525146e-01  1.7784369355781e-01  5.6316936512535e-06
  5.4140625000000e+00  1.7596107935621e-01  1.7595551583643e-01  5.5635197805104e-06
  5.4296875000000e+00  1.7407163089973e-01  1.7406613541632e-01  5.4954834183829e-06
  5.4453125000000e+00  1.7218145158148e-01  1.7217602398173e-01  5.4275997543318e-06
  5.4609375000000e+00  1.7029100827372e-01  1.7028564838998e-01  5.3598837334301e-06
  5.4765625000000e+00  1.6840076284722e-01  1.6839547049716e-01  5.2923500591384e-06
  5.4921875000000e+00  1.6651117200192e-01  1.6650594698874e-01  5.2250131797882e-06
  5.5078125000000e+00  1.6462268710260e-01  1.6461752921532e-01  5.1578872894420e-06
  5.5234375000000e+00  1.6273575401958e-01  1.6273066303325e-01  5.0909863282267e-06
  5.5390625000000e+00  1.6085081297457e-01  1.6084578865060e-01  5.0243239683168e-06
  5.5546875000000e+00  1.5896829839176e-01  1.5896334047814e-01  4.9579136201516e-06
  5.5703125000000e+00  1.5708863875406e-01  1.5708374698563e-01  4.8917684237204e-06
  5.5859375000000e+00  1.5521225646467e-01  1.5520743056342e-01  4.8259012481178e-06
  5.6015625000000e+00  1.5333956771395e-01  1.5333480738926e-01  4.7603246879635e-06
  5.6171875000000e+00  1.5147098235166e-01  1.5146628730060e-01  4.6950510607380e-06
  5.6328125000000e+00  1.4960690376453e-01  1.4960227367212e-01  4.6300924029241e-06
  5.6484375000000e+00  1.4774772875930e-01  1.4774316329882e-01  4.5654604720891e-06
  5.6640625000000e+00  1.4589384745114e-01  1.4588934628440e-01  4.5011667416106e-06
  5.6796875000000e+00  1.4404564315752e-01  1.4404120593512e-01  4.4372223972355e-06
  5.6953125000000e+00  1.4220349229755e-01  1.4219911865921e-01  4.3736383402437e-06
  5.7109375000000e+00  1.4036776429670e-01  1.4036345387151e-01  4.3104251838955e-06
  5.7265625000000e+00  1.3853882149707e-01  1.3853457390382e-01  4.2475932489627e-06
  5.7421875000000e+00  1.3671701907306e-01  1.3671283392049e-01  4.1851525700298e-06
  5.7578125000000e+00  1.3490270495246e-01  1.3489858183957e-01  4.1231128886099e-06
  5.7734375000000e+00  1.3309621974300e-01  1.3309215825935e-01  4.0614836522845e-06
  5.7890625000000e+00  1.3129789666429e-01  1.3129389639027e-01  4.0002740210598e-06
  5.8046875000000e+00  1.2950806148516e-01  1.2950412199230e-01  3.9394928597614e-06
  5.8203125000000e+00  1.2772703246635e-01  1.2772315331761e-01  3.8791487405043e-06
  5.8359375000000e+00  1.2595512030854e-01  1.2595130105859e-01  3.8192499438316e-06
  5.8515625000000e+00  1.2419262810562e-01  1.2418886830116e-01  3.7598044602405e-06
  5.8671875000000e+00  1.2243985130333e-01  1.2243615048334e-01  3.7008199868377e-06
  5.8828125000000e+00  1.2069707766297e-01  1.2069343535904e-01  3.6423039298239e-06
  5.8984375000000e+00  1.1896458723040e-01  1.1896100296700e-01  3.5842634077965e-06
  5.9140625000000e+00  1.1724265231008e-01  1.1723912560483e-01  3.5267052478360e-06
  5.9296875000000e+00  1.1553153744418e-01  1.1552806780818e-01  3.4696359917236e-06
  5.9453125000000e+00  1.1383149939673e-01  1.1382808633483e-01  3.4130618942335e-06
  5.9609375000000e+00  1.1214278714268e-01  1.1213943015375e-01  3.3569889242163e-06
  5.9765625000000e+00  1.1046564186185e-01  1.1046234043908e-01  3.3014227695943e-06
  5.9921875000000e+00  1.0880029693771e-01  1.0879705056887e-01  3.2463688357937e-06
  6.0078125000000e+00  1.0714697796082e-01  1.0714378612858e-01  3.1918322480895e-06
  6.0234375000000e+00  1.0550590273709e-01  1.0550276491923e-01  3.1378178556862e-06
  6.0390625000000e+00  1.0387728130045e-01  1.0387419697021e-01  3.0843302334105e-06
  6.0546875000000e+00  1.0226131593018e-01  1.0225828455650e-01  3.0313736812532e-06
  6.0703125000000e+00  1.0065820117261e-01  1.0065522222038e-01  2.9789522302537e-06
  6.0859375000000e+00  9.9068123867127e-02  9.9065196797483e-02  2.9270696442762e-06
  6.1015625000000e+00  9.7491263176530e-02  9.7488387447109e-02  2.8757294213422e-06
  6.1171875000000e+00  9.5927790621486e-02  9.5924965686688e-02  2.8249347976683e-06
  6.1328125000000e+00  9.4377870119094e-02  9.4375095430343e-02  2.7746887507479e-06
  6.1484375000000e+00  9.2841658025435e-02  9.2838933031433e-02  2.7249940018903e-06
  6.1640625000000e+00  9.1319303182009e-02  9.1316627328990e-02  2.6758530189408e-06
  6.1796875000000e+00  8.9810946965971e-02  8.9808319697948e-02  2.6272680220957e-06
  6.1953125000000e+00  8.8316723344060e-02  8.8314144103077e-02  2.5792409824726e-06
  6.2109375000000e+00  8.6836758930134e-02  8.6834227156504e-02  2.5317736302155e-06
  6.2265625000000e+00  8.5371173046194e-02  8.5368688178737e-02  2.4848674568811e-06
  6.2421875000000e+00  8.3920077786803e-02  8.3917639263087e-02  2.4385237166608e-06
  6.2578125000000e+00  8.2483578086798e-02  8.2481185343365e-02  2.3927434328330e-06
  6.2734375000000e+00  8.1061771792186e-02  8.1059424264785e-02  2.3475274009421e-06
  6.2890625000000e+00  7.9654749734119e-02  7.9652446857927e-02  2.3028761918509e-06
  6.3046875000000e+00  7.8262595805844e-02  7.8260337015689e-02  2.2587901554322e-06
  6.3203125000000e+00  7.6885387042521e-02  7.6883171773094e-02  2.2152694265087e-06
  6.3359375000000e+00  7.5523193703793e-02  7.5521021389866e-02  2.1723139273372e-06
  6.3515625000000e+00  7.4176079359016e-02  7.4173949435645e-02  2.1299233708416e-06
  6.3671875000000e+00  7.2844100975024e-02  7.2842012877757e-02  2.0880972672055e-06
  6.3828125000000e+00  7.1527309006328e-02  7.1525262171402e-02  2.0468349266056e-06
  6.3984375000000e+00  7.0225747487645e-02  7.0223741352183e-02  2.0061354625428e-06
  6.4140625000000e+00  6.8939454128636e-02  6.8937488130837e-02  1.9659977988778e-06
  6.4296875000000e+00  6.7668460410750e-02  6.7666533990080e-02  1.9264206706504e-06
  6.4453125000000e+00  6.6412791686079e-02  6.6410904283448e-02  1.8874026309068e-06
  6.4609375000000e+00  6.5172467278083e-02  6.5170618336027e-02  1.8489420555434e-06
  6.4765625000000e+00  6.3947500584113e-02  6.3945689546969e-02  1.8110371445695e-06
  6.4921875000000e+00  6.2737899179603e-02  6.2736125493673e-02  1.7736859299344e-06
  6.5078125000000e+00  6.1543664923825e-02  6.1541928037548e-02  1.7368862771996e-06
  6.5234375000000e+00  6.0364794067113e-02  6.0363093431221e-02  1.7006358923877e-06
  6.5390625000000e+00  5.9201277359441e-02  5.9199612427117e-02  1.6649323245702e-06
  6.5546875000000e+00  5.8053100160248e-02  5.8051470387276e-02  1.6297729715856e-06
  6.5703125000000e+00  5.6920242549414e-02  5.6918647394331e-02  1.5951550832657e-06
  6.5859375000000e+00  5.5802679439284e-02  5.5801118363517e-02  1.5610757672091e-06
  6.6015625000000e+00  5.4700380687632e-02  5.4698853155641e-02  1.5275319917157e-06
  6.6171875000000e+00  5.3613311211468e-02  5.3611816690876e-02  1.4945205919631e-06
  6.6328125000000e+00  5.2541431101589e-02  5.2539969063316e-02  1.4620382731770e-06
  6.6484375000000e+00  5.1484695737784e-02  5.1483265656169e-02  1.4300816148921e-06
  6.6640625000000e+00  5.0443055904576e-02  5.0441657257499e-02  1.3986470768362e-06
  6.6796875000000e+00  4.9416457907434e-02  4.9415090176432e-02  1.3677310020943e-06
  6.6953125000000e+00  4.8404843689331e-02  4.8403506359711e-02  1.3373296202171e-06
  6.7109375000000e+00  4.7408150947588e-02  4.7406843508533e-02  1.3074390544654e-06
  6.7265625000000e+00  4.6426313250884e-02  4.6425035195559e-02  1.2780553250227e-06
  6.7421875000000e+00  4.5459260156369e-02  4.5458010982018e-02  1.2491743510007e-06
  6.7578125000000e+00  4.4506917326773e-02  4.4505696534814e-02  1.2207919585297e-06
  6.7734375000000e+00  4.3569206647436e-02  4.3568013743554e-02  1.1929038815292e-06
  6.7890625000000e+00  4.2646046343181e-02  4.2644880837414e-02  1.1655057678694e-06
  6.8046875000000e+00  4.1737351094936e-02  4.1736212501753e-02  1.1385931830976e-06
  6.8203125000000e+00  4.0843032156029e-02  4.0841919994415e-02  1.1121616138240e-06
  6.8359375000000e+00  3.9962997468091e-02  3.9961911261619e-02  1.0862064725170e-06
  6.8515625000000e+00  3.9097151776477e-02  3.9096091053376e-02  1.0607231013815e-06
  6.8671875000000e+00  3.8245396745132e-02  3.8244361038356e-02  1.0357067756206e-06
  6.8828125000000e+00  3.7407631070843e-02  3.7406619918135e-02  1.0111527079457e-06
  6.8984375000000e+00  3.6583750596799e-02  3.6582763540746e-02  9.8705605318383e-07
  6.9140625000000e+00  3.5773648425387e-02  3.5772685013477e-02  9.6341190961025e-07
  6.9296875000000e+00  3.4977215030169e-02  3.4976274814844e-02  9.4021532513061e-07
  6.9453125000000e+00  3.4194338366975e-02  3.4193420905675e-02  9.1746130024412e-07
  6.9609375000000e+00  3.3424903984044e-02  3.3424008839253e-02  8.9514479099245e-07
  6.9765625000000e+00  3.2668795131160e-02  3.2667921870448e-02  8.7326071257499e-07
  6.9921875000000e+00  3.1925892867733e-02  3.1925041063789e-02  8.5180394365086e-07
  7.0078125000000e+00  3.1196076169752e-02  3.1195245400422e-02  8.3076933002357e-07
  7.0234375000000e+00  3.0479222035576e-02  3.0478411883889e-02  8.1015168635831e-07
  7.0390625000000e+00  2.9775205590507e-02  2.9774415644706e-02  7.8994580056044e-07
  7.0546875000000e+00  2.9083900190092e-02  2.9083130043656e-02  7.7014643659612e-07
  7.0703125000000e+00  2.8405177522120e-02  2.8404426773781e-02  7.5074833889507e-07
  7.0859375000000e+00  2.7738907707251e-02  2.7738175961017e-02  7.3174623400896e-07
  7.1015625000000e+00  2.7084959398261e-02  2.7084246263427e-02  7.1313483403571e-07
  7.1171875000000e+00  2.6443199877841e-02  2.6442504969002e-02  6.9490883939163e-07
  7.1328125000000e+00  2.5813495154931e-02  2.5812818091988e-02  6.7706294295047e-07
  7.1484375000000e+00  2.5195710059534e-02  2.5195050467703e-02  6.5959183157341e-07
  7.1640625000000e+00  2.4589708336001e-02  2.4589065845813e-02  6.4249018859319e-07
  7.1796875000000e+00  2.3995352734737e-02  2.3994726982039e-02  6.2575269809892e-07
  7.1953125000000e+00  2.3412505102305e-02  2.3411895728259e-02  6.0937404600114e-07
  7.2109375000000e+00  2.2841026469907e-02  2.2840433120984e-02  5.9334892351867e-07
  7.2265625000000e+00  2.2280777140212e-02  2.2280199468182e-02  5.7767203001657e-07
  7.2421875000000e+00  2.1731616772504e-02  2.1731054434430e-02  5.6233807351272e-07
  7.2578125000000e+00  2.1193404466140e-02  2.1192857124365e-02  5.4734177496255e-07
  7.2734375000000e+00  2.0665998842292e-02  2.0665466164422e-02  5.3267787037889e-07
  7.2890625000000e+00  2.0149258123959e-02  2.0148739782847e-02  5.1834111173751e-07
  7.3046875000000e+00  1.9643040214227e-02  1.9642535887956e-02  5.0432627046043e-07
  7.3203125000000e+00  1.9147202772776e-02  1.9146712144637e-02  4.9062813870654e-07
  7.3359375000000e+00  1.8661603290615e-02  1.8661126049084e-02  4.7724153188350e-07
  7.3515625000000e+00  1.8186099163036e-02  1.8185635001746e-02  4.6416128997653e-07
  7.3671875000000e+00  1.7720547760777e-02  1.7720096378497e-02  4.5138228058766e-07
  7.3828125000000e+00  1.7264806499395e-02  1.7264367599996e-02  4.3889939889408e-07
  7.3984375000000e+00  1.6818732906838e-02  1.6818306199267e-02  4.2670757102736e-07
  7.4140625000000e+00  1.6382184689219e-02  1.6381769887463e-02  4.1480175555497e-07
  7.4296875000000e+00  1.5955019794781e-02  1.5954616617838e-02  4.0317694367104e-07
  7.4453125000000e+00  1.5537096476068e-02  1.5536704647905e-02  3.9182816264499e-07
  7.4609375000000e+00  1.5128273350283e-02  1.5127892599807e-02  3.8075047580771e-07
  7.4765625000000e+00  1.4728409457866e-02  1.4728039518880e-02  3.6993898524379e-07
  7.4921875000000e+00  1.4337364319263e-02  1.4337004930431e-02  3.5938883162501e-07
  7.5078125000000e+00  1.3954997989920e-02  1.3954648894723e-02  3.4909519693212e-07
  7.5234375000000e+00  1.3581171113494e-02  1.3580832060189e-02  3.3905330477230e-07
  7.5390625000000e+00  1.3215744973290e-02  1.3215415714867e-02  3.2925842230469e-07
  7.5546875000000e+00  1.2858581541947e-02  1.2858261836086e-02  3.1970586015367e-07
  7.5703125000000e+00  1.2509543529367e-02  1.2509233138393e-02  3.1039097486175e-07
  7.5859375000000e+00  1.2168494428915e-02  1.2168193119746e-02  3.0130916878895e-07
  7.6015625000000e+00  1.1835298561886e-02  1.1835006105995e-02  2.9245589165151e-07
  7.6171875000000e+00  1.1509821120276e-02  1.1509537293635e-02  2.8382664133200e-07
  7.6328125000000e+00  1.1191928207850e-02  1.1191652790886e-02  2.7541696421760e-07
  7.6484375000000e+00  1.0881486879544e-02  1.0881219657086e-02  2.6722245765297e-07
  7.6640625000000e+00  1.0578365179192e-02  1.0578105940429e-02  2.5923876262324e-07
  7.6796875000000e+00  1.0282432175661e-02  1.0282180714063e-02  2.5146159813444e-07
  7.6953125000000e+00  9.9935579972271e-03  9.9933141105694e-03  2.4388665771126e-07
  7.7109375000000e+00  9.7116138646048e-03  9.7113773548392e-03  2.3650976558112e-07
  7.7265625000000e+00  9.4364721228765e-03  9.4362427953747e-03  2.2932750172455e-07
  7.7421875000000e+00  9.1680062649650e-03  9.1677839340303e-03  2.2233093472865e-07
  7.7578125000000e+00  8.9060909890471e-03  8.9058754542200e-03  2.1553482708846e-07
  7.7734375000000e+00  8.6506021361080e-03  8.6503932476139e-03  2.0888849411316e-07
  7.7890625000000e+00  8.4014168760165e-03  8.4012144393454e-03  2.0243667103563e-07
  7.8046875000000e+00  8.1584137436861e-03  8.1582174117567e-03  1.9633192941196e-07
  7.8203125000000e+00  7.9214715010937e-03  7.9212818267036e-03  1.8967439004147e-07
  7.8359375000000e+00  7.6904731464547e-03  7.6902886464487e-03  1.8450000603080e-07
  7.8515625000000e+00  7.4652993243233e-03  7.4651201531657e-03  1.7917115768297e-07
  7.8671875000000e+00  7.2458301887223e-03  7.2456599670832e-03  1.7022163911664e-07
  7.8828125000000e+00  7.0319610389460e-03  7.0317930632937e-03  1.6797565224359e-07
  7.8984375000000e+00  6.8235731657900e-03  6.8234057872541e-03  1.6737853587162e-07
  7.9140625000000e+00  6.6205413374335e-03  6.6203858690066e-03  1.5546842690919e-07
  7.9296875000000e+00  6.4227605906110e-03  6.4226224361459e-03  1.3815446507290e-07
  7.9453125000000e+00  6.2301459383237e-03  6.2300060255616e-03  1.3991276212252e-07
  7.9609375000000e+00  6.0425977289196e-03  6.0424285939834e-03  1.6913493617807e-07
  7.9765625000000e+00  5.8599823169811e-03  5.8597835273566e-03  1.9878962454530e-07
  7.9921875000000e+00  5.6821274074033e-03  5.6819656490778e-03  1.6175832557100e-07
