#              Coord.            Numerical           Analytical                Error
  3.9062500000000e-03  2.6525862721815e-03  2.6780195903416e-03  2.5433318160139e-05
  1.1718750000000e-02  2.7420927742689e-03  2.7235115045955e-03  1.8581269673307e-05
  1.9531250000000e-02  2.8224764221427e-03  2.7696916711578e-03  5.2784750984909e-05
  2.7343750000000e-02  2.9005734325199e-03  2.8165689176456e-03  8.4004514874255e-05
  3.5156250000000e-02  2.9705132870865e-03  2.8641521568626e-03  1.0636113022391e-04
  4.2968750000000e-02  3.0270233636737e-03  2.9124503871434e-03  1.1457297653035e-04
  5.0781250000000e-02  3.0789221999822e-03  2.9614726926911e-03  1.1744950729105e-04
  5.8593750000000e-02  3.1395525701204e-03  3.0112282439071e-03  1.2832432621330e-04
  6.6406250000000e-02  3.2135710344216e-03  3.0617262977128e-03  1.5184473670879e-04
  7.4218750000000e-02  3.2937044102490e-03  3.1129761978642e-03  1.8072821238487e-04
  8.2031250000000e-02  3.3679267408155e-03  3.1649873752576e-03  2.0293936555799e-04
  8.9843750000000e-02  3.4284181615304e-03  3.2177693482276e-03  2.1064881330271e-04
  9.7656250000000e-02  3.4755412135005e-03  3.2713317228368e-03  2.0420949066370e-04
  1.0546875000000e-01  3.5162105581032e-03  3.3256841931555e-03  1.9052636494766e-04
  1.1328125000000e-01  3.5594364945023e-03  3.3808365415346e-03  1.7859995296769e-04
  1.2109375000000e-01  3.6119399298993e-03  3.4367986388676e-03  1.7514129103175e-04
  1.2890625000000e-01  3.6758379065817e-03  3.4935804448443e-03  1.8225746173739e-04
  1.3671875000000e-01  3.7490976763657e-03  3.5511920081949e-03  1.9790566817078e-04
  1.4453125000000e-01  3.8277839781525e-03  3.6096434669243e-03  2.1814051122817e-04
  1.5234375000000e-01  3.9082295202170e-03  3.6689450485366e-03  2.3928447168035e-04
  1.6015625000000e-01  3.9880097588924e-03  3.7291070702494e-03  2.5890268864304e-04
  1.6796875000000e-01  4.0659890550391e-03  3.7901399391980e-03  2.7584911584108e-04
  1.7578125000000e-01  4.1421147087280e-03  3.8520541526294e-03  2.9006055609864e-04
  1.8359375000000e-01  4.2170936742561e-03  3.9148602980846e-03  3.0223337617153e-04
  1.9140625000000e-01  4.2918339748016e-03  3.9785690535713e-03  3.1326492123029e-04
  1.9921875000000e-01  4.3669016989371e-03  4.0431911877245e-03  3.2371051121255e-04
  2.0703125000000e-01  4.4424076713757e-03  4.1087375599564e-03  3.3367011141933e-04
  2.1484375000000e-01  4.5182989298925e-03  4.1752191205943e-03  3.4307980929816e-04
  2.2265625000000e-01  4.5946168877979e-03  4.2426469110071e-03  3.5196997679080e-04
  2.3046875000000e-01  4.6714598956740e-03  4.3110320637196e-03  3.6042783195433e-04
  2.3828125000000e-01  4.7488335205789e-03  4.3803858025150e-03  3.6844771806393e-04
  2.4609375000000e-01  4.8266662231409e-03  4.4507194425244e-03  3.7594678061644e-04
  2.5390625000000e-01  4.9049737892643e-03  4.5220443903044e-03  3.8292939895987e-04
  2.6171875000000e-01  4.9839417762255e-03  4.5943721439014e-03  3.8956963232410e-04
  2.6953125000000e-01  5.0638210292952e-03  4.6677142929028e-03  3.9610673639241e-04
  2.7734375000000e-01  5.1447712908658e-03  4.7420825184755e-03  4.0268877239034e-04
  2.8515625000000e-01  5.2268267510481e-03  4.8174885933903e-03  4.0933815765780e-04
  2.9296875000000e-01  5.3099907350822e-03  4.8939443820332e-03  4.1604635304905e-04
  3.0078125000000e-01  5.3943270743796e-03  4.9714618404019e-03  4.2286523397775e-04
  3.0859375000000e-01  5.4799480338831e-03  5.0500530160892e-03  4.2989501779393e-04
  3.1640625000000e-01  5.5669269358130e-03  5.1297300482515e-03  4.3719688756151e-04
  3.2421875000000e-01  5.6552341624936e-03  5.2105051675626e-03  4.4472899493097e-04
  3.3203125000000e-01  5.7447553086331e-03  5.2923906961530e-03  4.5236461248011e-04
  3.3984375000000e-01  5.8353674377340e-03  5.3753990475340e-03  4.5996839019998e-04
  3.4765625000000e-01  5.9270086805147e-03  5.4595427265068e-03  4.6746595400785e-04
  3.5546875000000e-01  6.0196981549902e-03  5.5448343290557e-03  4.7486382593454e-04
  3.6328125000000e-01  6.1135093006657e-03  5.6312865422259e-03  4.8222275843972e-04
  3.7109375000000e-01  6.2085273924656e-03  5.7189121439856e-03  4.8961524847993e-04
  3.7890625000000e-01  6.3048192083701e-03  5.8077240030715e-03  4.9709520529866e-04
  3.8671875000000e-01  6.4024242326129e-03  5.8977350788178e-03  5.0468915379509e-04
  3.9453125000000e-01  6.5013611936810e-03  5.9889584209698e-03  5.1240277271115e-04
  4.0234375000000e-01  6.6016391320445e-03  6.0814071694791e-03  5.2023196256531e-04
  4.1015625000000e-01  6.7032657122856e-03  6.1750945542829e-03  5.2817115800268e-04
  4.1796875000000e-01  6.8062508650087e-03  6.2700338950655e-03  5.3621696994318e-04
  4.2578125000000e-01  6.9106071198087e-03  6.3662386010026e-03  5.4436851880619e-04
  4.3359375000000e-01  7.0163486490701e-03  6.4637221704876e-03  5.5262647858250e-04
  4.4140625000000e-01  7.1234903179202e-03  6.5624981908408e-03  5.6099212707942e-04
  4.4921875000000e-01  7.2320471605103e-03  6.6625803379988e-03  5.6946682251150e-04
  4.5703125000000e-01  7.3420342134503e-03  6.7639823761876e-03  5.7805183726272e-04
  4.6484375000000e-01  7.4534665194674e-03  6.8667181575756e-03  5.8674836189183e-04
  4.7265625000000e-01  7.5663591705818e-03  6.9708016219082e-03  5.9555754867359e-04
  4.8046875000000e-01  7.6807273391067e-03  7.0762467961239e-03  6.0448054298274e-04
  4.8828125000000e-01  7.7965862903604e-03  7.1830677939504e-03  6.1351849640999e-04
  4.9609375000000e-01  7.9139513849626e-03  7.2912788154817e-03  6.2267256948090e-04
  5.0390625000000e-01  8.0328380776619e-03  7.4008941467355e-03  6.3194393092636e-04
  5.1171875000000e-01  8.1532619158801e-03  7.5119281591905e-03  6.4133375668956e-04
  5.1953125000000e-01  8.2752385386959e-03  7.6243953093040e-03  6.5084322939189e-04
  5.2734375000000e-01  8.3987836761553e-03  7.7383101380086e-03  6.6047353814674e-04
  5.3515625000000e-01  8.5239131486861e-03  7.8536872701889e-03  6.7022587849718e-04
  5.4296875000000e-01  8.6506428665214e-03  7.9705414141373e-03  6.8010145238415e-04
  5.5078125000000e-01  8.7789888290885e-03  8.0888873609887e-03  6.9010146809980e-04
  5.5859375000000e-01  8.9089671243771e-03  8.2087399841343e-03  7.0022714024277e-04
  5.6640625000000e-01  9.0405939282668e-03  8.3301142386140e-03  7.1047968965282e-04
  5.7421875000000e-01  9.1738855038469e-03  8.4530251604866e-03  7.2086034336025e-04
  5.8203125000000e-01  9.3088582007002e-03  8.5774878661797e-03  7.3137033452050e-04
  5.8984375000000e-01  9.4455284541702e-03  8.7035175518161e-03  7.4201090235415e-04
  5.9765625000000e-01  9.5839127846019e-03  8.8311294925184e-03  7.5278329208349e-04
  6.0546875000000e-01  9.7240277965536e-03  8.9603390416924e-03  7.6368875486119e-04
  6.1328125000000e-01  9.8658901779976e-03  9.0911616302862e-03  7.7472854771137e-04
  6.2109375000000e-01  1.0009516699480e-02  9.2236127660277e-03  7.8590393345198e-04
  6.2890625000000e-01  1.0154924213267e-02  9.3577080326387e-03  7.9721618062833e-04
  6.3671875000000e-01  1.0302129652464e-02  9.4934630890261e-03  8.0866656343836e-04
  6.4453125000000e-01  1.0451150030103e-02  9.6308936684495e-03  8.2025636165350e-04
  6.5234375000000e-01  1.0602002438214e-02  9.7700155776657e-03  8.3198686054842e-04
  6.6015625000000e-01  1.0754704046864e-02  9.9108446960486e-03  8.4385935081494e-04
  6.6796875000000e-01  1.0909272103174e-02  1.0053396974687e-02  8.5587512848687e-04
  6.7578125000000e-01  1.1065723930306e-02  1.0197688435455e-02  8.6803549485075e-04
  6.8359375000000e-01  1.1224076926428e-02  1.0343735170065e-02  8.8034175636368e-04
  6.9140625000000e-01  1.1384348563652e-02  1.0491553339084e-02  8.9279522456821e-04
  6.9921875000000e-01  1.1546556386941e-02  1.0641159170942e-02  9.0539721599908e-04
  7.0703125000000e-01  1.1710718012992e-02  1.0792568960898e-02  9.1814905209387e-04
  7.1484375000000e-01  1.1876851129097e-02  1.0945799069998e-02  9.3105205909869e-04
  7.2265625000000e-01  1.2044973491968e-02  1.1100865923992e-02  9.4410756797587e-04
  7.3046875000000e-01  1.2215102926542e-02  1.1257786012240e-02  9.5731691430252e-04
  7.3828125000000e-01  1.2387257324752e-02  1.1416575886580e-02  9.7068143817190e-04
  7.4609375000000e-01  1.2561454644276e-02  1.1577252160182e-02  9.8420248409407e-04
  7.5390625000000e-01  1.2737712907259e-02  1.1739831506367e-02  9.9788140089151e-04
  7.6171875000000e-01  1.2916050198997e-02  1.1904330657407e-02  1.0117195415897e-03
  7.6953125000000e-01  1.3096484666606e-02  1.2070766403293e-02  1.0257182633129e-03
  7.7734375000000e-01  1.3279034517656e-02  1.2239155590481e-02  1.0398789271752e-03
  7.8515625000000e-01  1.3463718018777e-02  1.2409515120613e-02  1.0542028981635e-03
  7.9296875000000e-01  1.3650553494234e-02  1.2581861949207e-02  1.0686915450277e-03
  8.0078125000000e-01  1.3839559324482e-02  1.2756213084321e-02  1.0833462401609e-03
  8.0859375000000e-01  1.4030753944680e-02  1.2932585585197e-02  1.0981683594831e-03
  8.1640625000000e-01  1.4224155843191e-02  1.3110996560871e-02  1.1131592823203e-03
  8.2421875000000e-01  1.4419783560034e-02  1.3291463168755e-02  1.1283203912782e-03
  8.3203125000000e-01  1.4617655685326e-02  1.3474002613205e-02  1.1436530721214e-03
  8.3984375000000e-01  1.4817790857685e-02  1.3658632144041e-02  1.1591587136442e-03
  8.4765625000000e-01  1.5020207762597e-02  1.3845369055060e-02  1.1748387075371e-03
  8.5546875000000e-01  1.5224925130775e-02  1.4034230682510e-02  1.1906944482650e-03
  8.6328125000000e-01  1.5431961736461e-02  1.4225234403540e-02  1.2067273329209e-03
  8.7109375000000e-01  1.5641336395721e-02  1.4418397634621e-02  1.2229387610997e-03
  8.7890625000000e-01  1.5853067964696e-02  1.4613737829944e-02  1.2393301347518e-03
  8.8671875000000e-01  1.6067175337835e-02  1.4811272479783e-02  1.2559028580513e-03
  8.9453125000000e-01  1.6283677446082e-02  1.5011019108839e-02  1.2726583372428e-03
  9.0234375000000e-01  1.6502593255053e-02  1.5212995274547e-02  1.2895979805057e-03
  9.1015625000000e-01  1.6723941763163e-02  1.5417218565363e-02  1.3067231978001e-03
  9.1796875000000e-01  1.6947741999740e-02  1.5623706599020e-02  1.3240354007199e-03
  9.2578125000000e-01  1.7174013023099e-02  1.5832477020755e-02  1.3415360023439e-03
  9.3359375000000e-01  1.7402773918581e-02  1.6043547501507e-02  1.3592264170732e-03
  9.4140625000000e-01  1.7634043796579e-02  1.6256935736095e-02  1.3771080604840e-03
  9.4921875000000e-01  1.7867841790520e-02  1.6472659441356e-02  1.3951823491644e-03
  9.5703125000000e-01  1.8104187054819e-02  1.6690736354263e-02  1.4134507005562e-03
  9.6484375000000e-01  1.8343098762800e-02  1.6911184230013e-02  1.4319145327864e-03
  9.7265625000000e-01  1.8584596104597e-02  1.7134020840089e-02  1.4505752645078e-03
  9.8046875000000e-01  1.8828698285014e-02  1.7359263970285e-02  1.4694343147283e-03
  9.8828125000000e-01  1.9075424521361e-02  1.7586931418717e-02  1.4884931026433e-03
  9.9609375000000e-01  1.9324794041252e-02  1.7817040993792e-02  1.5077530474601e-03
  1.0039062500000e+00  1.9576826080386e-02  1.8049610512158e-02  1.5272155682285e-03
  1.0117187500000e+00  1.9831539880282e-02  1.8284657796622e-02  1.5468820836596e-03
  1.0195312500000e+00  2.0088954685992e-02  1.8522200674041e-02  1.5667540119511e-03
  1.0273437500000e+00  2.0349089743787e-02  1.8762256973185e-02  1.5868327706019e-03
  1.0351562500000e+00  2.0611964298800e-02  1.9004844522569e-02  1.6071197762309e-03
  1.0429687500000e+00  2.0877597592659e-02  1.9249981148263e-02  1.6276164443961e-03
  1.0507812500000e+00  2.1146008861067e-02  1.9497684671666e-02  1.6483241894013e-03
  1.0585937500000e+00  2.1417217331366e-02  1.9747972907261e-02  1.6692444241049e-03
  1.0664062500000e+00  2.1691242220067e-02  2.0000863660335e-02  1.6903785597329e-03
  1.0742187500000e+00  2.1968102730356e-02  2.0256374724672e-02  1.7117280056842e-03
  1.0820312500000e+00  2.2247818049556e-02  2.0514523880223e-02  1.7332941693324e-03
  1.0898437500000e+00  2.2530407346570e-02  2.0775328890745e-02  1.7550784558246e-03
  1.0976562500000e+00  2.2815889769295e-02  2.1038807501409e-02  1.7770822678865e-03
  1.1054687500000e+00  2.3104284442002e-02  2.1304977436385e-02  1.7993070056171e-03
  1.1132812500000e+00  2.3395610462684e-02  2.1573856396404e-02  1.8217540662802e-03
  1.1210937500000e+00  2.3689886900383e-02  2.1845462056278e-02  1.8444248441054e-03
  1.1289062500000e+00  2.3987132792475e-02  2.2119812062408e-02  1.8673207300670e-03
  1.1367187500000e+00  2.4287367141944e-02  2.2396924030258e-02  1.8904431116857e-03
  1.1445312500000e+00  2.4590608914606e-02  2.2676815541801e-02  1.9137933728051e-03
  1.1523437500000e+00  2.4896877036321e-02  2.2959504142940e-02  1.9373728933807e-03
  1.1601562500000e+00  2.5206190390168e-02  2.3245007340905e-02  1.9611830492627e-03
  1.1679687500000e+00  2.5518567813592e-02  2.3533342601616e-02  1.9852252119761e-03
  1.1757812500000e+00  2.5834028095521e-02  2.3824527347028e-02  2.0095007484931e-03
  1.1835937500000e+00  2.6152589973460e-02  2.4118578952442e-02  2.0340110210184e-03
  1.1914062500000e+00  2.6474272130560e-02  2.4415514743799e-02  2.0587573867609e-03
  1.1992187500000e+00  2.6799093192634e-02  2.4715351994937e-02  2.0837411976967e-03
  1.2070312500000e+00  2.7127071725189e-02  2.5018107924833e-02  2.1089638003554e-03
  1.2148437500000e+00  2.7458226230387e-02  2.5323799694811e-02  2.1344265355760e-03
  1.2226562500000e+00  2.7792575144009e-02  2.5632444405730e-02  2.1601307382791e-03
  1.2304687500000e+00  2.8130136832374e-02  2.5944059095143e-02  2.1860777372306e-03
  1.2382812500000e+00  2.8470929589234e-02  2.6258660734437e-02  2.2122688547967e-03
  1.2460937500000e+00  2.8814971632664e-02  2.6576266225939e-02  2.2387054067243e-03
  1.2539062500000e+00  2.9162281101880e-02  2.6896892400009e-02  2.2653887018717e-03
  1.2617187500000e+00  2.9512876054088e-02  2.7220556012096e-02  2.2923200419923e-03
  1.2695312500000e+00  2.9866774461257e-02  2.7547273739783e-02  2.3195007214746e-03
  1.2773437500000e+00  3.0223994206896e-02  2.7877062179797e-02  2.3469320270986e-03
  1.2851562500000e+00  3.0584553082795e-02  2.8209937845005e-02  2.3746152377903e-03
  1.2929687500000e+00  3.0948468785742e-02  2.8545917161377e-02  2.4025516243654e-03
  1.3007812500000e+00  3.1315758914228e-02  2.8885016464936e-02  2.4307424492918e-03
  1.3085937500000e+00  3.1686440965095e-02  2.9227251998680e-02  2.4591889664154e-03
  1.3164062500000e+00  3.2060532330197e-02  2.9572639909478e-02  2.4878924207193e-03
  1.3242187500000e+00  3.2438050293025e-02  2.9921196244957e-02  2.5168540480683e-03
  1.3320312500000e+00  3.2819012025288e-02  3.0272936950349e-02  2.5460750749397e-03
  1.3398437500000e+00  3.3203434583507e-02  3.0627877865333e-02  2.5755567181740e-03
  1.3476562500000e+00  3.3591334905558e-02  3.0986034720849e-02  2.6053001847091e-03
  1.3554687500000e+00  3.3982729807197e-02  3.1347423135887e-02  2.6353066713102e-03
  1.3632812500000e+00  3.4377635978593e-02  3.1712058614265e-02  2.6655773643281e-03
  1.3710937500000e+00  3.4776069980779e-02  3.2079956541380e-02  2.6961134393988e-03
  1.3789062500000e+00  3.5178048242154e-02  3.2451132180941e-02  2.7269160612127e-03
  1.3867187500000e+00  3.5583587054901e-02  3.2825600671686e-02  2.7579863832154e-03
  1.3945312500000e+00  3.5992702571433e-02  3.3203377024074e-02  2.7893255473586e-03
  1.4023437500000e+00  3.6405410800784e-02  3.3584476116965e-02  2.8209346838190e-03
  1.4101562500000e+00  3.6821727605004e-02  3.3968912694277e-02  2.8528149107268e-03
  1.4179687500000e+00  3.7241668695520e-02  3.4356701361628e-02  2.8849673338926e-03
  1.4257812500000e+00  3.7665249629495e-02  3.4747856582957e-02  2.9173930465381e-03
  1.4335937500000e+00  3.8092485806141e-02  3.5142392677136e-02  2.9500931290048e-03
  1.4414062500000e+00  3.8523392463053e-02  3.5540323814559e-02  2.9830686484947e-03
  1.4492187500000e+00  3.8957984672489e-02  3.5941664013712e-02  3.0163206587778e-03
  1.4570312500000e+00  3.9396277337659e-02  3.6346427137738e-02  3.0498501999209e-03
  1.4648437500000e+00  3.9838285188984e-02  3.6754626890979e-02  3.0836582980049e-03
  1.4726562500000e+00  4.0284022780341e-02  3.7166276815504e-02  3.1177459648377e-03
  1.4804687500000e+00  4.0733504485311e-02  3.7581390287625e-02  3.1521141976860e-03
  1.4882812500000e+00  4.1186744493374e-02  3.7999980514402e-02  3.1867639789723e-03
  1.4960937500000e+00  4.1643756806131e-02  3.8422060530124e-02  3.2216962760074e-03
  1.5039062500000e+00  4.2104555233493e-02  3.8847643192792e-02  3.2569120407010e-03
  1.5117187500000e+00  4.2569153389851e-02  3.9276741180580e-02  3.2924122092715e-03
  1.5195312500000e+00  4.3037564690244e-02  3.9709366988285e-02  3.3281977019594e-03
  1.5273437500000e+00  4.3509802346519e-02  4.0145532923772e-02  3.3642694227472e-03
  1.5351562500000e+00  4.3985879363464e-02  4.0585251104399e-02  3.4006282590642e-03
  1.5429687500000e+00  4.4465808534952e-02  4.1028533453445e-02  3.4372750815065e-03
  1.5507812500000e+00  4.4949602440049e-02  4.1475391696512e-02  3.4742107435362e-03
  1.5585937500000e+00  4.5437273439136e-02  4.1925837357934e-02  3.5114360812023e-03
  1.5664062500000e+00  4.5928833670014e-02  4.2379881757164e-02  3.5489519128495e-03
  1.5742187500000e+00  4.6424295043989e-02  4.2837536005168e-02  3.5867590388209e-03
  1.5820312500000e+00  4.6923669241974e-02  4.3298811000795e-02  3.6248582411791e-03
  1.5898437500000e+00  4.7426967710554e-02  4.3763717427155e-02  3.6632502833997e-03
  1.5976562500000e+00  4.7934201658079e-02  4.4232265747980e-02  3.7019359100985e-03
  1.6054687500000e+00  4.8445382050714e-02  4.4704466203990e-02  3.7409158467233e-03
  1.6132812500000e+00  4.8960519608520e-02  4.5180328809244e-02  3.7801907992761e-03
  1.6210937500000e+00  4.9479624801503e-02  4.5659863347492e-02  3.8197614540108e-03
  1.6289062500000e+00  5.0002707845678e-02  4.6143079368526e-02  3.8596284771515e-03
  1.6367187500000e+00  5.0529778699111e-02  4.6629986184521e-02  3.8997925145900e-03
  1.6445312500000e+00  5.1060847057986e-02  4.7120592866381e-02  3.9402541916045e-03
  1.6523437500000e+00  5.1595922352641e-02  4.7614908240077e-02  3.9810141125639e-03
  1.6601562500000e+00  5.2135013743621e-02  4.8112940882989e-02  4.0220728606328e-03
  1.6679687500000e+00  5.2678130117736e-02  4.8614699120245e-02  4.0634309974910e-03
  1.6757812500000e+00  5.3225280084092e-02  4.9120191021061e-02  4.1050890630312e-03
  1.6835937500000e+00  5.3776471970159e-02  4.9629424395083e-02  4.1470475750766e-03
  1.6914062500000e+00  5.4331713817814e-02  5.0142406788728e-02  4.1893070290863e-03
  1.6992187500000e+00  5.4891013379405e-02  5.0659145481531e-02  4.2318678978741e-03
  1.7070312500000e+00  5.5454378113795e-02  5.1179647482492e-02  4.2747306313025e-03
  1.7148437500000e+00  5.6021815182447e-02  5.1703919526429e-02  4.3178956560180e-03
  1.7226562500000e+00  5.6593331445476e-02  5.2231968070334e-02  4.3613633751419e-03
  1.7304687500000e+00  5.7168933457731e-02  5.2763799289733e-02  4.4051341679971e-03
  1.7382812500000e+00  5.7748627464875e-02  5.3299419075060e-02  4.4492083898152e-03
  1.7460937500000e+00  5.8332419399476e-02  5.3838833028024e-02  4.4935863714529e-03
  1.7539062500000e+00  5.8920314877105e-02  5.4382046457994e-02  4.5382684191118e-03
  1.7617187500000e+00  5.9512319192435e-02  5.4929064378390e-02  4.5832548140446e-03
  1.7695312500000e+00  6.0108437315364e-02  5.5479891503083e-02  4.6285458122812e-03
  1.7773437500000e+00  6.0708673887148e-02  5.6034532242798e-02  4.6741416443501e-03
  1.7851562500000e+00  6.1313033216523e-02  5.6592990701539e-02  4.7200425149834e-03
  1.7929687500000e+00  6.1921519275872e-02  5.7155270673018e-02  4.7662486028545e-03
  1.8007812500000e+00  6.2534135697383e-02  5.7721375637093e-02  4.8127600602908e-03
  1.8085937500000e+00  6.3150885769222e-02  5.8291308756228e-02  4.8595770129944e-03
  1.8164062500000e+00  6.3771772431740e-02  5.8865072871959e-02  4.9066995597804e-03
  1.8242187500000e+00  6.4396798273663e-02  5.9442670501378e-02  4.9541277722847e-03
  1.8320312500000e+00  6.5025965528337e-02  6.0024103833628e-02  5.0018616947091e-03
  1.8398437500000e+00  6.5659276069953e-02  6.0609374726420e-02  5.0499013435337e-03
  1.8476562500000e+00  6.6296731409829e-02  6.1198484702559e-02  5.0982467072693e-03
  1.8554687500000e+00  6.6938332692666e-02  6.1791434946499e-02  5.1468977461672e-03
  1.8632812500000e+00  6.7584080692867e-02  6.2388226300900e-02  5.1958543919679e-03
  1.8710937500000e+00  6.8233975810855e-02  6.2988859263219e-02  5.2451165476362e-03
  1.8789062500000e+00  6.8888018069403e-02  6.3593333982314e-02  5.2946840870889e-03
  1.8867187500000e+00  6.9546207110023e-02  6.4201650255070e-02  5.3445568549536e-03
  1.8945312500000e+00  7.0208542189335e-02  6.4813807523042e-02  5.3947346662927e-03
  1.9023437500000e+00  7.0875022175486e-02  6.5429804869132e-02  5.4452173063547e-03
  1.9101562500000e+00  7.1545645544599e-02  6.6049641014274e-02  5.4960045303248e-03
  1.9179687500000e+00  7.2220410377226e-02  6.6673314314158e-02  5.5470960630678e-03
  1.9257812500000e+00  7.2899314354846e-02  6.7300822755965e-02  5.5984915988812e-03
  1.9335937500000e+00  7.3582354756383e-02  6.7932163955140e-02  5.6501908012438e-03
  1.9414062500000e+00  7.4269528454769e-02  6.8567335152180e-02  5.7021933025893e-03
  1.9492187500000e+00  7.4960831913498e-02  6.9206333209461e-02  5.7544987040365e-03
  1.9570312500000e+00  7.5656261183255e-02  6.9849154608084e-02  5.8071065751710e-03
  1.9648437500000e+00  7.6355811898559e-02  7.0495795444753e-02  5.8600164538067e-03
  1.9726562500000e+00  7.7059479274426e-02  7.1146251428684e-02  5.9132278457412e-03
  1.9804687500000e+00  7.7767258103082e-02  7.1800517878547e-02  5.9667402245348e-03
  1.9882812500000e+00  7.8479142750709e-02  7.2458589719431e-02  6.0205530312778e-03
  1.9960937500000e+00  7.9195127154220e-02  7.3120461479851e-02  6.0746656743695e-03
  2.0039062500000e+00  7.9915204818069e-02  7.3786127288782e-02  6.1290775292868e-03
  2.0117187500000e+00  8.0639368811111e-02  7.4455580872731e-02  6.1837879383803e-03
  2.0195312500000e+00  8.1367611763484e-02  7.5128815552843e-02  6.2387962106411e-03
  2.0273437500000e+00  8.2099925863537e-02  7.5805824242038e-02  6.2941016214981e-03
  2.0351562500000e+00  8.2836302854801e-02  7.6486599442196e-02  6.3497034126051e-03
  2.0429687500000e+00  8.3576734033009e-02  7.7171133241365e-02  6.4056007916445e-03
  2.0507812500000e+00  8.4321210243115e-02  7.7859417311018e-02  6.4617929320972e-03
  2.0585937500000e+00  8.5069721876425e-02  7.8551442903348e-02  6.5182789730773e-03
  2.0664062500000e+00  8.5822258867709e-02  7.9247200848597e-02  6.5750580191121e-03
  2.0742187500000e+00  8.6578810692387e-02  7.9946681552433e-02  6.6321291399533e-03
  2.0820312500000e+00  8.7339366363772e-02  8.0649874993366e-02  6.6894913704058e-03
  2.0898437500000e+00  8.8103914430318e-02  8.1356770720203e-02  6.7471437101151e-03
  2.0976562500000e+00  8.8872442972963e-02  8.2067357849553e-02  6.8050851234098e-03
  2.1054687500000e+00  8.9644939602476e-02  8.2781625063372e-02  6.8633145391037e-03
  2.1132812500000e+00  9.0421391456898e-02  8.3499560606555e-02  6.9218308503434e-03
  2.1210937500000e+00  9.1201785198995e-02  8.4221152284571e-02  6.9806329144235e-03
  2.1289062500000e+00  9.1986107013781e-02  8.4946387461151e-02  7.0397195526291e-03
  2.1367187500000e+00  9.2774342606082e-02  8.5675253056017e-02  7.0990895500649e-03
  2.1445312500000e+00  9.3566477198175e-02  8.6407735542661e-02  7.1587416555144e-03
  2.1523437500000e+00  9.4362495527441e-02  8.7143820946177e-02  7.2186745812638e-03
  2.1601562500000e+00  9.5162381844119e-02  8.7883494841142e-02  7.2788870029779e-03
  2.1679687500000e+00  9.5966119909079e-02  8.8626742349539e-02  7.3393775595396e-03
  2.1757812500000e+00  9.6773692991666e-02  8.9373548138751e-02  7.4001448529143e-03
  2.1835937500000e+00  9.7585083867604e-02  9.0123896419585e-02  7.4611874480186e-03
  2.1914062500000e+00  9.8400274816948e-02  9.0877770944366e-02  7.5225038725816e-03
  2.1992187500000e+00  9.9219247622104e-02  9.1635155005079e-02  7.5840926170252e-03
  2.2070312500000e+00  1.0004198356590e-01  9.2396031431564e-02  7.6459521343396e-03
  2.2148437500000e+00  1.0086846342975e-01  9.3160382589771e-02  7.7080808399750e-03
  2.2226562500000e+00  1.0169866749178e-01  9.3928190380069e-02  7.7704771117097e-03
  2.2304687500000e+00  1.0253257552518e-01  9.4699436235615e-02  7.8331392895665e-03
  2.2382812500000e+00  1.0337016679647e-01  9.5474101120776e-02  7.8960656756929e-03
  2.2460937500000e+00  1.0421142006389e-01  9.6252165529614e-02  7.9592545342743e-03
  2.2539062500000e+00  1.0505631357586e-01  9.7033609484431e-02  8.0227040914317e-03
  2.2617187500000e+00  1.0590482506952e-01  9.7818412534371e-02  8.0864125351497e-03
  2.2695312500000e+00  1.0675693176927e-01  9.8606553754087e-02  8.1503780151876e-03
  2.2773437500000e+00  1.0761261038545e-01  9.9398011742465e-02  8.2145986429853e-03
  2.2851562500000e+00  1.0847183711305e-01  1.0019276462142e-01  8.2790724916270e-03
  2.2929687500000e+00  1.0933458763048e-01  1.0099079003474e-01  8.3437975957439e-03
  2.3007812500000e+00  1.1020083709847e-01  1.0179206514700e-01  8.4087719514675e-03
  2.3085937500000e+00  1.1107056015896e-01  1.0259656664258e-01  8.4739935163771e-03
  2.3164062500000e+00  1.1194373093410e-01  1.0340427072465e-01  8.5394602094428e-03
  2.3242187500000e+00  1.1282032302532e-01  1.0421515311434e-01  8.6051699109770e-03
  2.3320312500000e+00  1.1370030951249e-01  1.0502918904988e-01  8.6711204626135e-03
  2.3398437500000e+00  1.1458366295312e-01  1.0584635328587e-01  8.7373096672494e-03
  2.3476562500000e+00  1.1547035538165e-01  1.0666662009261e-01  8.8037352890431e-03
  2.3554687500000e+00  1.1636035830881e-01  1.0748996325544e-01  8.8703950533751e-03
  2.3632812500000e+00  1.1725364272107e-01  1.0831635607422e-01  8.9372866468422e-03
  2.3710937500000e+00  1.1815017908013e-01  1.0914577136289e-01  9.0044077172404e-03
  2.3789062500000e+00  1.1904993732255e-01  1.0997818144898e-01  9.0717558735609e-03
  2.3867187500000e+00  1.1995288685937e-01  1.1081355817337e-01  9.1393286859939e-03
  2.3945312500000e+00  1.2085899657590e-01  1.1165187288996e-01  9.2071236859438e-03
  2.4023437500000e+00  1.2176823483154e-01  1.1249309646550e-01  9.2751383660321e-03
  2.4101562500000e+00  1.2268056945964e-01  1.1333719927952e-01  9.3433701801198e-03
  2.4179687500000e+00  1.2359596776753e-01  1.1418415122419e-01  9.4118165433335e-03
  2.4257812500000e+00  1.2451439653657e-01  1.1503392170447e-01  9.4804748320956e-03
  2.4335937500000e+00  1.2543582202230e-01  1.1588647963812e-01  9.5493423841709e-03
  2.4414062500000e+00  1.2636020995464e-01  1.1674179345594e-01  9.6184164986987e-03
  2.4492187500000e+00  1.2728752553826e-01  1.1759983110200e-01  9.6876944362593e-03
  2.4570312500000e+00  1.2821773345291e-01  1.1846056003399e-01  9.7571734189113e-03
  2.4648437500000e+00  1.2915079785390e-01  1.1932394722363e-01  9.8268506302614e-03
  2.4726562500000e+00  1.3008668237270e-01  1.2018995915716e-01  9.8967232155495e-03
  2.4804687500000e+00  1.3102535011758e-01  1.2105856183588e-01  9.9667882817019e-03
  2.4882812500000e+00  1.3196676367427e-01  1.2192972077685e-01  1.0037042897423e-02
  2.4960937500000e+00  1.3291088510687e-01  1.2280340101357e-01  1.0107484093294e-02
  2.5039062500000e+00  1.3385767595866e-01  1.2367956709682e-01  1.0178108861842e-02
  2.5117187500000e+00  1.3480709725316e-01  1.2455818309548e-01  1.0248914157681e-02
  2.5195312500000e+00  1.3575910949516e-01  1.2543921259758e-01  1.0319896897578e-02
  2.5273437500000e+00  1.3671367267187e-01  1.2632261871128e-01  1.0391053960592e-02
  2.5351562500000e+00  1.3767074625421e-01  1.2720836406602e-01  1.0462382188192e-02
  2.5429687500000e+00  1.3863028919809e-01  1.2809641081371e-01  1.0533878384386e-02
  2.5507812500000e+00  1.3959225994589e-01  1.2898672063005e-01  1.0605539315841e-02
  2.5585937500000e+00  1.4055661642793e-01  1.2987925471588e-01  1.0677361712056e-02
  2.5664062500000e+00  1.4152331606407e-01  1.3077397379860e-01  1.0749342265468e-02
  2.5742187500000e+00  1.4249231576543e-01  1.3167083813379e-01  1.0821477631643e-02
  2.5820312500000e+00  1.4346357193615e-01  1.3256980750673e-01  1.0893764429417e-02
  2.5898437500000e+00  1.4443704047522e-01  1.3347084123416e-01  1.0966199241062e-02
  2.5976562500000e+00  1.4541267677855e-01  1.3437389816606e-01  1.1038778612489e-02
  2.6054687500000e+00  1.4639043574087e-01  1.3527893668749e-01  1.1111499053384e-02
  2.6132812500000e+00  1.4737027175799e-01  1.3618591472056e-01  1.1184357037431e-02
  2.6210937500000e+00  1.4835213872898e-01  1.3709478972649e-01  1.1257349002499e-02
  2.6289062500000e+00  1.4933599005851e-01  1.3800551870766e-01  1.1330471350844e-02
  2.6367187500000e+00  1.5032177865920e-01  1.3891805820990e-01  1.1403720449293e-02
  2.6445312500000e+00  1.5130945695423e-01  1.3983236432472e-01  1.1477092629506e-02
  2.6523437500000e+00  1.5229897687985e-01  1.4074839269169e-01  1.1550584188160e-02
  2.6601562500000e+00  1.5329028988812e-01  1.4166609850093e-01  1.1624191387189e-02
  2.6679687500000e+00  1.5428334694964e-01  1.4258543649561e-01  1.1697910454029e-02
  2.6757812500000e+00  1.5527809855645e-01  1.4350636097462e-01  1.1771737581834e-02
  2.6835937500000e+00  1.5627449472502e-01  1.4442882579525e-01  1.1845668929771e-02
  2.6914062500000e+00  1.5727248499924e-01  1.4535278437601e-01  1.1919700623229e-02
  2.6992187500000e+00  1.5827201845361e-01  1.4627818969951e-01  1.1993828754099e-02
  2.7070312500000e+00  1.5927304369647e-01  1.4720499431542e-01  1.2068049381056e-02
  2.7148437500000e+00  1.6027550887333e-01  1.4813315034352e-01  1.2142358529810e-02
  2.7226562500000e+00  1.6127936167030e-01  1.4906260947687e-01  1.2216752193427e-02
  2.7304687500000e+00  1.6228454931757e-01  1.4999332298500e-01  1.2291226332571e-02
  2.7382812500000e+00  1.6329101859307e-01  1.5092524171724e-01  1.2365776875838e-02
  2.7460937500000e+00  1.6429871582614e-01  1.5185831610610e-01  1.2440399720043e-02
  2.7539062500000e+00  1.6530758690130e-01  1.5279249617076e-01  1.2515090730533e-02
  2.7617187500000e+00  1.6631757726216e-01  1.5372773152065e-01  1.2589845741504e-02
  2.7695312500000e+00  1.6732863191538e-01  1.5466397135907e-01  1.2664660556315e-02
  2.7773437500000e+00  1.6834069543475e-01  1.5560116448691e-01  1.2739530947841e-02
  2.7851562500000e+00  1.6935371196533e-01  1.5653925930654e-01  1.2814452658787e-02
  2.7929687500000e+00  1.7036762522768e-01  1.5747820382563e-01  1.2889421402047e-02
  2.8007812500000e+00  1.7138237852224e-01  1.5841794566120e-01  1.2964432861039e-02
  2.8085937500000e+00  1.7239791473369e-01  1.5935843204363e-01  1.3039482690062e-02
  2.8164062500000e+00  1.7341417633556e-01  1.6029960982088e-01  1.3114566514679e-02
  2.8242187500000e+00  1.7443110539475e-01  1.6124142546267e-01  1.3189679932072e-02
  2.8320312500000e+00  1.7544864357625e-01  1.6218382506484e-01  1.3264818511407e-02
  2.8398437500000e+00  1.7646673214796e-01  1.6312675435372e-01  1.3339977794247e-02
  2.8476562500000e+00  1.7748531198553e-01  1.6407015869063e-01  1.3415153294903e-02
  2.8554687500000e+00  1.7850432357732e-01  1.6501398307646e-01  1.3490340500857e-02
  2.8632812500000e+00  1.7952370702946e-01  1.6595817215631e-01  1.3565534873153e-02
  2.8710937500000e+00  1.8054340207099e-01  1.6690267022418e-01  1.3640731846806e-02
  2.8789062500000e+00  1.8156334805908e-01  1.6784742122787e-01  1.3715926831217e-02
  2.8867187500000e+00  1.8258348398436e-01  1.6879236877376e-01  1.3791115210598e-02
  2.8945312500000e+00  1.8360374847626e-01  1.6973745613188e-01  1.3866292344383e-02
  2.9023437500000e+00  1.8462407980858e-01  1.7068262624090e-01  1.3941453567672e-02
  2.9101562500000e+00  1.8564441590496e-01  1.7162782171329e-01  1.4016594191674e-02
  2.9179687500000e+00  1.8666469434465e-01  1.7257298484050e-01  1.4091709504146e-02
  2.9257812500000e+00  1.8768485236811e-01  1.7351805759827e-01  1.4166794769835e-02
  2.9335937500000e+00  1.8870482688295e-01  1.7446298165200e-01  1.4241845230954e-02
  2.9414062500000e+00  1.8972455446977e-01  1.7540769836215e-01  1.4316856107624e-02
  2.9492187500000e+00  1.9074397138816e-01  1.7635214878980e-01  1.4391822598360e-02
  2.9570312500000e+00  1.9176301358276e-01  1.7729627370223e-01  1.4466739880531e-02
  2.9648437500000e+00  1.9278161668943e-01  1.7824001357858e-01  1.4541603110849e-02
  2.9726562500000e+00  1.9379971604146e-01  1.7918330861560e-01  1.4616407425858e-02
  2.9804687500000e+00  1.9481724667585e-01  1.8012609873345e-01  1.4691147942400e-02
  2.9882812500000e+00  1.9583414333977e-01  1.8106832358162e-01  1.4765819758156e-02
  2.9960937500000e+00  1.9685034049696e-01  1.8200992254486e-01  1.4840417952103e-02
  3.0039062500000e+00  1.9786577233429e-01  1.8295083474925e-01  1.4914937585046e-02
  3.0117187500000e+00  1.9888037276839e-01  1.8389099906825e-01  1.4989373700137e-02
  3.0195312500000e+00  1.9989407545231e-01  1.8483035412895e-01  1.5063721323366e-02
  3.0273437500000e+00  2.0090681378234e-01  1.8576883831823e-01  1.5137975464110e-02
  3.0351562500000e+00  2.0191852090480e-01  1.8670638978915e-01  1.5212131115650e-02
  3.0429687500000e+00  2.0292912972300e-01  1.8764294646728e-01  1.5286183255715e-02
  3.0507812500000e+00  2.0393857290418e-01  1.8857844605718e-01  1.5360126847002e-02
  3.0585937500000e+00  2.0494678288662e-01  1.8951282604888e-01  1.5433956837735e-02
  3.0664062500000e+00  2.0595369188671e-01  1.9044602372450e-01  1.5507668162209e-02
  3.0742187500000e+00  2.0695923190621e-01  1.9137797616486e-01  1.5581255741347e-02
  3.0820312500000e+00  2.0796333473947e-01  1.9230862025622e-01  1.5654714483251e-02
  3.0898437500000e+00  2.0896593198077e-01  1.9323789269701e-01  1.5728039283760e-02
  3.0976562500000e+00  2.0996695503175e-01  1.9416573000472e-01  1.5801225027039e-02
  3.1054687500000e+00  2.1096633510885e-01  1.9509206852272e-01  1.5874266586133e-02
  3.1132812500000e+00  2.1196400325083e-01  1.9601684442729e-01  1.5947158823540e-02
  3.1210937500000e+00  2.1295989032638e-01  1.9693999373458e-01  1.6019896591800e-02
  3.1289062500000e+00  2.1395392704176e-01  1.9786145230768e-01  1.6092474734080e-02
  3.1367187500000e+00  2.1494604394855e-01  1.9878115586379e-01  1.6164888084755e-02
  3.1445312500000e+00  2.1593617145138e-01  1.9969903998136e-01  1.6237131470014e-02
  3.1523437500000e+00  2.1692423981578e-01  2.0061504010734e-01  1.6309199708438e-02
  3.1601562500000e+00  2.1791017917609e-01  2.0152909156447e-01  1.6381087611614e-02
  3.1679687500000e+00  2.1889391954338e-01  2.0244112955864e-01  1.6452789984735e-02
  3.1757812500000e+00  2.1987539081346e-01  2.0335108918625e-01  1.6524301627209e-02
  3.1835937500000e+00  2.2085452277496e-01  2.0425890544169e-01  1.6595617333264e-02
  3.1914062500000e+00  2.2183124511739e-01  2.0516451322482e-01  1.6666731892574e-02
  3.1992187500000e+00  2.2280548743937e-01  2.0606784734850e-01  1.6737640090870e-02
  3.2070312500000e+00  2.2377717925676e-01  2.0696884254621e-01  1.6808336710551e-02
  3.2148437500000e+00  2.2474625001097e-01  2.0786743347964e-01  1.6878816531330e-02
  3.2226562500000e+00  2.2571262907729e-01  2.0876355474643e-01  1.6949074330855e-02
  3.2304687500000e+00  2.2667624577316e-01  2.0965714088783e-01  1.7019104885331e-02
  3.2382812500000e+00  2.2763702936665e-01  2.1054812639650e-01  1.7088902970151e-02
  3.2460937500000e+00  2.2859490908486e-01  2.1143644572431e-01  1.7158463360547e-02
  3.2539062500000e+00  2.2954981412241e-01  2.1232203329019e-01  1.7227780832222e-02
  3.2617187500000e+00  2.3050167364998e-01  2.1320482348799e-01  1.7296850161988e-02
  3.2695312500000e+00  2.3145041682284e-01  2.1408475069444e-01  1.7365666128402e-02
  3.2773437500000e+00  2.3239597278950e-01  2.1496174927706e-01  1.7434223512442e-02
  3.2851562500000e+00  2.3333827070029e-01  2.1583575360218e-01  1.7502517098117e-02
  3.2929687500000e+00  2.3427723971610e-01  2.1670669804295e-01  1.7570541673151e-02
  3.3007812500000e+00  2.3521280901703e-01  2.1757451698742e-01  1.7638292029605e-02
  3.3085937500000e+00  2.3614490781115e-01  2.1843914484659e-01  1.7705762964556e-02
  3.3164062500000e+00  2.3707346534329e-01  2.1930051606255e-01  1.7772949280744e-02
  3.3242187500000e+00  2.3799841090381e-01  2.2015856511659e-01  1.7839845787218e-02
  3.3320312500000e+00  2.3891967383743e-01  2.2101322653741e-01  1.7906447300021e-02
  3.3398437500000e+00  2.3983718355213e-01  2.2186443490930e-01  1.7972748642829e-02
  3.3476562500000e+00  2.4075086952794e-01  2.2271212488033e-01  1.8038744647616e-02
  3.3554687500000e+00  2.4166066132594e-01  2.2355623117061e-01  1.8104430155323e-02
  3.3632812500000e+00  2.4256648859709e-01  2.2439668858057e-01  1.8169800016524e-02
  3.3710937500000e+00  2.4346828109127e-01  2.2523343199918e-01  1.8234849092085e-02
  3.3789062500000e+00  2.4436596866615e-01  2.2606639641232e-01  1.8299572253829e-02
  3.3867187500000e+00  2.4525948129623e-01  2.2689551691102e-01  1.8363964385215e-02
  3.3945312500000e+00  2.4614874908181e-01  2.2772072869983e-01  1.8428020381983e-02
  3.4023437500000e+00  2.4703370225800e-01  2.2854196710516e-01  1.8491735152844e-02
  3.4101562500000e+00  2.4791427120375e-01  2.2935916758361e-01  1.8555103620136e-02
  3.4179687500000e+00  2.4879038645086e-01  2.3017226573036e-01  1.8618120720501e-02
  3.4257812500000e+00  2.4966197869305e-01  2.3098119728750e-01  1.8680781405544e-02
  3.4335937500000e+00  2.5052897879497e-01  2.3178589815247e-01  1.8743080642498e-02
  3.4414062500000e+00  2.5139131780129e-01  2.3258630438638e-01  1.8805013414913e-02
  3.4492187500000e+00  2.5224892694573e-01  2.3338235222243e-01  1.8866574723308e-02
  3.4570312500000e+00  2.5310173766014e-01  2.3417397807431e-01  1.8927759585834e-02
  3.4648437500000e+00  2.5394968158354e-01  2.3496111854459e-01  1.8988563038956e-02
  3.4726562500000e+00  2.5479269057118e-01  2.3574371043307e-01  1.9048980138110e-02
  3.4804687500000e+00  2.5563069670363e-01  2.3652169074526e-01  1.9109005958376e-02
  3.4882812500000e+00  2.5646363229578e-01  2.3729499670065e-01  1.9168635595133e-02
  3.4960937500000e+00  2.5729142990594e-01  2.3806356574120e-01  1.9227864164731e-02
  3.5039062500000e+00  2.5811402234481e-01  2.3882733553966e-01  1.9286686805146e-02
  3.5117187500000e+00  2.5893134268460e-01  2.3958624400795e-01  1.9345098676656e-02
  3.5195312500000e+00  2.5974332426798e-01  2.4034022930550e-01  1.9403094962486e-02
  3.5273437500000e+00  2.6054990071710e-01  2.4108922984763e-01  1.9460670869474e-02
  3.5351562500000e+00  2.6135100594260e-01  2.4183318431387e-01  1.9517821628728e-02
  3.5429687500000e+00  2.6214657415256e-01  2.4257203165628e-01  1.9574542496282e-02
  3.5507812500000e+00  2.6293653986149e-01  2.4330571110775e-01  1.9630828753740e-02
  3.5585937500000e+00  2.6372083789924e-01  2.4403416219029e-01  1.9686675708944e-02
  3.5664062500000e+00  2.6449940341992e-01  2.4475732472331e-01  1.9742078696614e-02
  3.5742187500000e+00  2.6527217191082e-01  2.4547513883183e-01  1.9797033078990e-02
  3.5820312500000e+00  2.6603907920125e-01  2.4618754495476e-01  1.9851534246488e-02
  3.5898437500000e+00  2.6680006147140e-01  2.4689448385306e-01  1.9905577618334e-02
  3.5976562500000e+00  2.6755505526114e-01  2.4759589661793e-01  1.9959158643204e-02
  3.6054687500000e+00  2.6830399747884e-01  2.4829172467897e-01  2.0012272799867e-02
  3.6132812500000e+00  2.6904682541009e-01  2.4898190981227e-01  2.0064915597817e-02
  3.6210937500000e+00  2.6978347672643e-01  2.4966639414854e-01  2.0117082577897e-02
  3.6289062500000e+00  2.7051388949407e-01  2.5034512018113e-01  2.0168769312933e-02
  3.6367187500000e+00  2.7123800218247e-01  2.5101803077411e-01  2.0219971408360e-02
  3.6445312500000e+00  2.7195575367304e-01  2.5168506917019e-01  2.0270684502841e-02
  3.6523437500000e+00  2.7266708326763e-01  2.5234617899875e-01  2.0320904268880e-02
  3.6601562500000e+00  2.7337193069713e-01  2.5300130428369e-01  2.0370626413443e-02
  3.6679687500000e+00  2.7407023612993e-01  2.5365038945135e-01  2.0419846678571e-02
  3.6757812500000e+00  2.7476194018033e-01  2.5429337933836e-01  2.0468560841970e-02
  3.6835937500000e+00  2.7544698391702e-01  2.5493021919938e-01  2.0516764717639e-02
  3.6914062500000e+00  2.7612530887134e-01  2.5556085471489e-01  2.0564454156444e-02
  3.6992187500000e+00  2.7679685704563e-01  2.5618523199891e-01  2.0611625046727e-02
  3.7070312500000e+00  2.7746157092149e-01  2.5680329760660e-01  2.0658273314889e-02
  3.7148437500000e+00  2.7811939346792e-01  2.5741499854194e-01  2.0704394925984e-02
  3.7226562500000e+00  2.7877026814952e-01  2.5802028226523e-01  2.0749985884287e-02
  3.7304687500000e+00  2.7941413893453e-01  2.5861909670065e-01  2.0795042233882e-02
  3.7382812500000e+00  2.8005095030289e-01  2.5921139024366e-01  2.0839560059225e-02
  3.7460937500000e+00  2.8068064725417e-01  2.5979711176845e-01  2.0883535485718e-02
  3.7539062500000e+00  2.8130317531551e-01  2.6037621063525e-01  2.0926964680258e-02
  3.7617187500000e+00  2.8191848054945e-01  2.6094863669764e-01  2.0969843851815e-02
  3.7695312500000e+00  2.8252650956171e-01  2.6151434030976e-01  2.1012169251957e-02
  3.7773437500000e+00  2.8312720950890e-01  2.6207327233348e-01  2.1053937175417e-02
  3.7851562500000e+00  2.8372052810616e-01  2.6262538414554e-01  2.1095143960619e-02
  3.7929687500000e+00  2.8430641363474e-01  2.6317062764452e-01  2.1135785990219e-02
  3.8007812500000e+00  2.8488481494952e-01  2.6370895525788e-01  2.1175859691635e-02
  3.8085937500000e+00  2.8545568148643e-01  2.6424031994887e-01  2.1215361537564e-02
  3.8164062500000e+00  2.8601896326982e-01  2.6476467522331e-01  2.1254288046508e-02
  3.8242187500000e+00  2.8657461091973e-01  2.6528197513646e-01  2.1292635783276e-02
  3.8320312500000e+00  2.8712257565911e-01  2.6579217429962e-01  2.1330401359493e-02
  3.8398437500000e+00  2.8766280932096e-01  2.6629522788686e-01  2.1367581434101e-02
  3.8476562500000e+00  2.8819526435534e-01  2.6679109164150e-01  2.1404172713848e-02
  3.8554687500000e+00  2.8871989383643e-01  2.6727972188265e-01  2.1440171953775e-02
  3.8632812500000e+00  2.8923665146929e-01  2.6776107551160e-01  2.1475575957692e-02
  3.8710937500000e+00  2.8974549159679e-01  2.6823511001813e-01  2.1510381578662e-02
  3.8789062500000e+00  2.9024636920626e-01  2.6870178348681e-01  2.1544585719449e-02
  3.8867187500000e+00  2.9073923993612e-01  2.6916105460312e-01  2.1578185332996e-02
  3.8945312500000e+00  2.9122406008247e-01  2.6961288265960e-01  2.1611177422862e-02
  3.9023437500000e+00  2.9170078660550e-01  2.7005722756182e-01  2.1643559043681e-02
  3.9101562500000e+00  2.9216937713588e-01  2.7049404983430e-01  2.1675327301586e-02
  3.9179687500000e+00  2.9262978998104e-01  2.7092331062639e-01  2.1706479354651e-02
  3.9257812500000e+00  2.9308198413133e-01  2.7134497171802e-01  2.1737012413308e-02
  3.9335937500000e+00  2.9352591926611e-01  2.7175899552535e-01  2.1766923740765e-02
  3.9414062500000e+00  2.9396155575976e-01  2.7216534510633e-01  2.1796210653421e-02
  3.9492187500000e+00  2.9438885468754e-01  2.7256398416628e-01  2.1824870521257e-02
  3.9570312500000e+00  2.9480777783141e-01  2.7295487706318e-01  2.1852900768233e-02
  3.9648437500000e+00  2.9521828768575e-01  2.7333798881307e-01  2.1880298872679e-02
  3.9726562500000e+00  2.9562034746287e-01  2.7371328509521e-01  2.1907062367665e-02
  3.9804687500000e+00  2.9601392109861e-01  2.7408073225723e-01  2.1933188841379e-02
  3.9882812500000e+00  2.9639897325765e-01  2.7444029732017e-01  2.1958675937485e-02
  3.9960937500000e+00  2.9677546933883e-01  2.7479194798336e-01  2.1983521355474e-02
  4.0039062500000e+00  2.9714337548033e-01  2.7513565262932e-01  2.2007722851019e-02
  4.0117187500000e+00  2.9750265856475e-01  2.7547138032845e-01  2.2031278236302e-02
  4.0195312500000e+00  2.9785328622405e-01  2.7579910084370e-01  2.2054185380352e-02
  4.0273437500000e+00  2.9819522684446e-01  2.7611878463509e-01  2.2076442209365e-02
  4.0351562500000e+00  2.9852844957116e-01  2.7643040286415e-01  2.2098046707012e-02
  4.0429687500000e+00  2.9885292431299e-01  2.7673392739824e-01  2.2118996914748e-02
  4.0507812500000e+00  2.9916862174694e-01  2.7702933081483e-01  2.2139290932108e-02
  4.0585937500000e+00  2.9947551332257e-01  2.7731658640558e-01  2.2158926916988e-02
  4.0664062500000e+00  2.9977357126633e-01  2.7759566818039e-01  2.2177903085936e-02
  4.0742187500000e+00  3.0006276858571e-01  2.7786655087130e-01  2.2196217714411e-02
  4.0820312500000e+00  3.0034307907337e-01  2.7812920993633e-01  2.2213869137043e-02
  4.0898437500000e+00  3.0061447731105e-01  2.7838362156315e-01  2.2230855747896e-02
  4.0976562500000e+00  3.0087693867343e-01  2.7862976267273e-01  2.2247176000708e-02
  4.1054687500000e+00  3.0113043933187e-01  2.7886761092275e-01  2.2262828409117e-02
  4.1132812500000e+00  3.0137495625797e-01  2.7909714471108e-01  2.2277811546893e-02
  4.1210937500000e+00  3.0161046722711e-01  2.7931834317895e-01  2.2292124048156e-02
  4.1289062500000e+00  3.0183695082178e-01  2.7953118621420e-01  2.2305764607586e-02
  4.1367187500000e+00  3.0205438643485e-01  2.7973565445423e-01  2.2318731980615e-02
  4.1445312500000e+00  3.0226275427265e-01  2.7993172928904e-01  2.2331024983612e-02
  4.1523437500000e+00  3.0246203535806e-01  2.8011939286398e-01  2.2342642494079e-02
  4.1601562500000e+00  3.0265221153328e-01  2.8029862808247e-01  2.2353583450807e-02
  4.1679687500000e+00  3.0283326546268e-01  2.8046941860863e-01  2.2363846854045e-02
  4.1757812500000e+00  3.0300518063539e-01  2.8063174886974e-01  2.2373431765649e-02
  4.1835937500000e+00  3.0316794136780e-01  2.8078560405857e-01  2.2382337309225e-02
  4.1914062500000e+00  3.0332153280599e-01  2.8093097013572e-01  2.2390562670268e-02
  4.1992187500000e+00  3.0346594092793e-01  2.8106783383165e-01  2.2398107096281e-02
  4.2070312500000e+00  3.0360115254568e-01  2.8119618264879e-01  2.2404969896888e-02
  4.2148437500000e+00  3.0372715530733e-01  2.8131600486339e-01  2.2411150443944e-02
  4.2226562500000e+00  3.0384393769892e-01  2.8142728952730e-01  2.2416648171626e-02
  4.2304687500000e+00  3.0395148904620e-01  2.8153002646968e-01  2.2421462576526e-02
  4.2382812500000e+00  3.0404979951622e-01  2.8162420629850e-01  2.2425593217720e-02
  4.2460937500000e+00  3.0413886011887e-01  2.8170982040203e-01  2.2429039716845e-02
  4.2539062500000e+00  3.0421866270822e-01  2.8178686095008e-01  2.2431801758142e-02
  4.2617187500000e+00  3.0428919998377e-01  2.8185532089525e-01  2.2433879088523e-02
  4.2695312500000e+00  3.0435046549156e-01  2.8191519397397e-01  2.2435271517592e-02
  4.2773437500000e+00  3.0440245362519e-01  2.8196647470750e-01  2.2435978917687e-02
  4.2851562500000e+00  3.0444515962660e-01  2.8200915840271e-01  2.2436001223890e-02
  4.2929687500000e+00  3.0447857958688e-01  2.8204324115283e-01  2.2435338434048e-02
  4.3007812500000e+00  3.0450271044680e-01  2.8206871983803e-01  2.2433990608761e-02
  4.3085937500000e+00  3.0451754999730e-01  2.8208559212592e-01  2.2431957871379e-02
  4.3164062500000e+00  3.0452309687986e-01  2.8209385647188e-01  2.2429240407985e-02
  4.3242187500000e+00  3.0451935058666e-01  2.8209351211930e-01  2.2425838467362e-02
  4.3320312500000e+00  3.0450631146066e-01  2.8208455909970e-01  2.2421752360960e-02
  4.3398437500000e+00  3.0448398069559e-01  2.8206699823275e-01  2.2416982462843e-02
  4.3476562500000e+00  3.0445236033572e-01  2.8204083112608e-01  2.2411529209636e-02
  4.3554687500000e+00  3.0441145327558e-01  2.8200606017512e-01  2.2405393100457e-02
  4.3632812500000e+00  3.0436126325950e-01  2.8196268856265e-01  2.2398574696843e-02
  4.3710937500000e+00  3.0430179488105e-01  2.8191072025839e-01  2.2391074622657e-02
  4.3789062500000e+00  3.0423305358233e-01  2.8185016001833e-01  2.2382893564004e-02
  4.3867187500000e+00  3.0415504565315e-01  2.8178101338404e-01  2.2374032269116e-02
  4.3945312500000e+00  3.0406777823008e-01  2.8170328668183e-01  2.2364491548247e-02
  4.4023437500000e+00  3.0397125929531e-01  2.8161698702177e-01  2.2354272273541e-02
  4.4101562500000e+00  3.0386549767550e-01  2.8152212229660e-01  2.2343375378905e-02
  4.4179687500000e+00  3.0375050304041e-01  2.8141870118054e-01  2.2331801859866e-02
  4.4257812500000e+00  3.0362628590140e-01  2.8130673312798e-01  2.2319552773415e-02
  4.4335937500000e+00  3.0349285760986e-01  2.8118622837201e-01  2.2306629237854e-02
  4.4414062500000e+00  3.0335023035548e-01  2.8105719792287e-01  2.2293032432618e-02
  4.4492187500000e+00  3.0319841716438e-01  2.8091965356628e-01  2.2278763598099e-02
  4.4570312500000e+00  3.0303743189713e-01  2.8077360786167e-01  2.2263824035458e-02
  4.4648437500000e+00  3.0286728924665e-01  2.8061907414022e-01  2.2248215106427e-02
  4.4726562500000e+00  3.0268800473595e-01  2.8045606650285e-01  2.2231938233103e-02
  4.4804687500000e+00  3.0249959471583e-01  2.8028459981810e-01  2.2214994897728e-02
  4.4882812500000e+00  3.0230207636230e-01  2.8010468971983e-01  2.2197386642468e-02
  4.4960937500000e+00  3.0209546767407e-01  2.7991635260489e-01  2.2179115069178e-02
  4.5039062500000e+00  3.0187978746975e-01  2.7971960563059e-01  2.2160181839156e-02
  4.5117187500000e+00  3.0165505538500e-01  2.7951446671210e-01  2.2140588672903e-02
  4.5195312500000e+00  3.0142129186960e-01  2.7930095451976e-01  2.2120337349845e-02
  4.5273437500000e+00  3.0117851818428e-01  2.7907908847621e-01  2.2099429708071e-02
  4.5351562500000e+00  3.0092675639754e-01  2.7884888875348e-01  2.2077867644066e-02
  4.5429687500000e+00  3.0066602938230e-01  2.7861037626990e-01  2.2055653112406e-02
  4.5507812500000e+00  3.0039636081245e-01  2.7836357268697e-01  2.2032788125479e-02
  4.5585937500000e+00  3.0011777515920e-01  2.7810850040604e-01  2.2009274753163e-02
  4.5664062500000e+00  2.9983029768749e-01  2.7784518256496e-01  2.1985115122533e-02
  4.5742187500000e+00  2.9953395445208e-01  2.7757364303455e-01  2.1960311417531e-02
  4.5820312500000e+00  2.9922877229365e-01  2.7729390641502e-01  2.1934865878633e-02
  4.5898437500000e+00  2.9891477883474e-01  2.7700599803222e-01  2.1908780802517e-02
  4.5976562500000e+00  2.9859200247560e-01  2.7670994393388e-01  2.1882058541722e-02
  4.6054687500000e+00  2.9826047238988e-01  2.7640577088560e-01  2.1854701504284e-02
  4.6132812500000e+00  2.9792021852028e-01  2.7609350636690e-01  2.1826712153385e-02
  4.6210937500000e+00  2.9757127157399e-01  2.7577317856702e-01  2.1798093006966e-02
  4.6289062500000e+00  2.9721366301811e-01  2.7544481638073e-01  2.1768846637379e-02
  4.6367187500000e+00  2.9684742507489e-01  2.7510844940392e-01  2.1738975670970e-02
  4.6445312500000e+00  2.9647259071694e-01  2.7476410792923e-01  2.1708482787706e-02
  4.6523437500000e+00  2.9608919366223e-01  2.7441182294145e-01  2.1677370720774e-02
  4.6601562500000e+00  2.9569726836907e-01  2.7405162611291e-01  2.1645642256153e-02
  4.6679687500000e+00  2.9529685003093e-01  2.7368354979870e-01  2.1613300232228e-02
  4.6757812500000e+00  2.9488797457119e-01  2.7330762703185e-01  2.1580347539342e-02
  4.6835937500000e+00  2.9447067863775e-01  2.7292389151838e-01  2.1546787119378e-02
  4.6914062500000e+00  2.9404499959759e-01  2.7253237763227e-01  2.1512621965320e-02
  4.6992187500000e+00  2.9361097553114e-01  2.7213312041033e-01  2.1477855120807e-02
  4.7070312500000e+00  2.9316864522666e-01  2.7172615554698e-01  2.1442489679675e-02
  4.7148437500000e+00  2.9271804817443e-01  2.7131151938891e-01  2.1406528785514e-02
  4.7226562500000e+00  2.9225922456088e-01  2.7088924892969e-01  2.1369975631184e-02
  4.7304687500000e+00  2.9179221526264e-01  2.7045938180428e-01  2.1332833458360e-02
  4.7382812500000e+00  2.9131706184044e-01  2.7002195628340e-01  2.1295105557035e-02
  4.7460937500000e+00  2.9083380653296e-01  2.6957701126791e-01  2.1256795265051e-02
  4.7539062500000e+00  2.9034249225061e-01  2.6912458628301e-01  2.1217905967603e-02
  4.7617187500000e+00  2.8984316256912e-01  2.6866472147239e-01  2.1178441096729e-02
  4.7695312500000e+00  2.8933586172313e-01  2.6819745759231e-01  2.1138404130819e-02
  4.7773437500000e+00  2.8882063459968e-01  2.6772283600558e-01  2.1097798594103e-02
  4.7851562500000e+00  2.8829752673156e-01  2.6724089867544e-01  2.1056628056123e-02
  4.7929687500000e+00  2.8776658429065e-01  2.6675168815942e-01  2.1014896131228e-02
  4.8007812500000e+00  2.8722785408108e-01  2.6625524760305e-01  2.0972606478030e-02
  4.8085937500000e+00  2.8668138353239e-01  2.6575162073351e-01  2.0929762798878e-02
  4.8164062500000e+00  2.8612722069257e-01  2.6524085185326e-01  2.0886368839316e-02
  4.8242187500000e+00  2.8556541422103e-01  2.6472298583350e-01  2.0842428387533e-02
  4.8320312500000e+00  2.8499601338147e-01  2.6419806810764e-01  2.0797945273827e-02
  4.8398437500000e+00  2.8441906803468e-01  2.6366614466465e-01  2.0752923370037e-02
  4.8476562500000e+00  2.8383462863132e-01  2.6312726204234e-01  2.0707366588979e-02
  4.8554687500000e+00  2.8324274620448e-01  2.6258146732059e-01  2.0661278883888e-02
  4.8632812500000e+00  2.8264347236235e-01  2.6202880811451e-01  2.0614664247836e-02
  4.8710937500000e+00  2.8203685928070e-01  2.6146933256751e-01  2.0567526713185e-02
  4.8789062500000e+00  2.8142295969529e-01  2.6090308934432e-01  2.0519870350971e-02
  4.8867187500000e+00  2.8080182689427e-01  2.6033012762393e-01  2.0471699270337e-02
  4.8945312500000e+00  2.8017351471045e-01  2.5975049709252e-01  2.0423017617929e-02
  4.9023437500000e+00  2.7953807751358e-01  2.5916424793625e-01  2.0373829577332e-02
  4.9101562500000e+00  2.7889557020247e-01  2.5857143083403e-01  2.0324139368444e-02
  4.9179687500000e+00  2.7824604819712e-01  2.5797209695024e-01  2.0273951246881e-02
  4.9257812500000e+00  2.7758956743078e-01  2.5736629792740e-01  2.0223269503382e-02
  4.9335937500000e+00  2.7692618434189e-01  2.5675408587872e-01  2.0172098463170e-02
  4.9414062500000e+00  2.7625595586605e-01  2.5613551338067e-01  2.0120442485376e-02
  4.9492187500000e+00  2.7557893942788e-01  2.5551063346547e-01  2.0068305962402e-02
  4.9570312500000e+00  2.7489519293281e-01  2.5487949961352e-01  2.0015693319282e-02
  4.9648437500000e+00  2.7420477475888e-01  2.5424216574578e-01  1.9962609013104e-02
  4.9726562500000e+00  2.7350774374843e-01  2.5359868621610e-01  1.9909057532326e-02
  4.9804687500000e+00  2.7280415919977e-01  2.5294911580356e-01  1.9855043396210e-02
  4.9882812500000e+00  2.7209408085875e-01  2.5229350970464e-01  1.9800571154110e-02
  4.9960937500000e+00  2.7137756891039e-01  2.5163192352548e-01  1.9745645384912e-02
  5.0039062500000e+00  2.7065468397038e-01  2.5096441327403e-01  1.9690270696348e-02
  5.0117187500000e+00  2.6992548707652e-01  2.5029103535215e-01  1.9634451724361e-02
  5.0195312500000e+00  2.6919003968017e-01  2.4961184654770e-01  1.9578193132475e-02
  5.0273437500000e+00  2.6844840363770e-01  2.4892690402657e-01  1.9521499611132e-02
  5.0351562500000e+00  2.6770064120176e-01  2.4823626532471e-01  1.9464375877050e-02
  5.0429687500000e+00  2.6694681501267e-01  2.4753998834009e-01  1.9406826672580e-02
  5.0507812500000e+00  2.6618698808965e-01  2.4683813132461e-01  1.9348856765032e-02
  5.0585937500000e+00  2.6542122382211e-01  2.4613075287607e-01  1.9290470946038e-02
  5.0664062500000e+00  2.6464958596086e-01  2.4541791192998e-01  1.9231674030885e-02
  5.0742187500000e+00  2.6387213860931e-01  2.4469966775144e-01  1.9172470857869e-02
  5.0820312500000e+00  2.6308894621458e-01  2.4397607992696e-01  1.9112866287613e-02
  5.0898437500000e+00  2.6230007355869e-01  2.4324720835627e-01  1.9052865202424e-02
  5.0976562500000e+00  2.6150558574968e-01  2.4251311324405e-01  1.8992472505631e-02
  5.1054687500000e+00  2.6070554821263e-01  2.4177385509173e-01  1.8931693120899e-02
  5.1132812500000e+00  2.5990002668078e-01  2.4102949468919e-01  1.8870531991595e-02
  5.1210937500000e+00  2.5908908718657e-01  2.4028009310647e-01  1.8808994080099e-02
  5.1289062500000e+00  2.5827279605266e-01  2.3952571168551e-01  1.8747084367147e-02
  5.1367187500000e+00  2.5745121988291e-01  2.3876641203175e-01  1.8684807851166e-02
  5.1445312500000e+00  2.5662442555345e-01  2.3800225600586e-01  1.8622169547591e-02
  5.1523437500000e+00  2.5579248020358e-01  2.3723330571536e-01  1.8559174488218e-02
  5.1601562500000e+00  2.5495545122681e-01  2.3645962350629e-01  1.8495827720524e-02
  5.1679687500000e+00  2.5411340626179e-01  2.3568127195479e-01  1.8432134306998e-02
  5.1757812500000e+00  2.5326641318326e-01  2.3489831385878e-01  1.8368099324476e-02
  5.1835937500000e+00  2.5241454009301e-01  2.3411081222955e-01  1.8303727863468e-02
  5.1914062500000e+00  2.5155785531085e-01  2.3331883028335e-01  1.8239025027506e-02
  5.1992187500000e+00  2.5069642736549e-01  2.3252243143305e-01  1.8173995932440e-02
  5.2070312500000e+00  2.4983032498552e-01  2.3172167927971e-01  1.8108645705819e-02
  5.2148437500000e+00  2.4895961709037e-01  2.3091663760419e-01  1.8042979486181e-02
  5.2226562500000e+00  2.4808437278120e-01  2.3010737035879e-01  1.7977002422411e-02
  5.2304687500000e+00  2.4720466133190e-01  2.2929394165882e-01  1.7910719673075e-02
  5.2382812500000e+00  2.4632055217998e-01  2.2847641577423e-01  1.7844136405746e-02
  5.2460937500000e+00  2.4543211491758e-01  2.2765485712125e-01  1.7777257796338e-02
  5.2539062500000e+00  2.4453941928245e-01  2.2682933025399e-01  1.7710089028465e-02
  5.2617187500000e+00  2.4364253514887e-01  2.2599989985611e-01  1.7642635292759e-02
  5.2695312500000e+00  2.4274153251865e-01  2.2516663073244e-01  1.7574901786210e-02
  5.2773437500000e+00  2.4183648151219e-01  2.2432958780066e-01  1.7506893711536e-02
  5.2851562500000e+00  2.4092745235945e-01  2.2348883608296e-01  1.7438616276488e-02
  5.2929687500000e+00  2.4001451539099e-01  2.2264444069776e-01  1.7370074693228e-02
  5.3007812500000e+00  2.3909774102901e-01  2.2179646685135e-01  1.7301274177652e-02
  5.3085937500000e+00  2.3817719977847e-01  2.2094497982970e-01  1.7232219948762e-02
  5.3164062500000e+00  2.3725296221814e-01  2.2009004499014e-01  1.7162917227999e-02
  5.3242187500000e+00  2.3632509899172e-01  2.1923172775312e-01  1.7093371238604e-02
  5.3320312500000e+00  2.3539368079902e-01  2.1837009359405e-01  1.7023587204975e-02
  5.3398437500000e+00  2.3445877838709e-01  2.1750520803506e-01  1.6953570352028e-02
  5.3476562500000e+00  2.3352046254139e-01  2.1663713663685e-01  1.6883325904542e-02
  5.3554687500000e+00  2.3257880407712e-01  2.1576594499056e-01  1.6812859086558e-02
  5.3632812500000e+00  2.3163387383033e-01  2.1489169870963e-01  1.6742175120703e-02
  5.3710937500000e+00  2.3068574264933e-01  2.1401446342175e-01  1.6671279227581e-02
  5.3789062500000e+00  2.2973448138595e-01  2.1313430476079e-01  1.6600176625155e-02
  5.3867187500000e+00  2.2878016088688e-01  2.1225128835878e-01  1.6528872528091e-02
  5.3945312500000e+00  2.2782285198510e-01  2.1136547983793e-01  1.6457372147176e-02
  5.4023437500000e+00  2.2686262549132e-01  2.1047694480265e-01  1.6385680688667e-02
  5.4101562500000e+00  2.2589955218537e-01  2.0958574883168e-01  1.6313803353689e-02
  5.4179687500000e+00  2.2493370280780e-01  2.0869195747018e-01  1.6241745337626e-02
  5.4257812500000e+00  2.2396514805138e-01  2.0779563622187e-01  1.6169511829508e-02
  5.4335937500000e+00  2.2299395855270e-01  2.0689685054129e-01  1.6097108011413e-02
  5.4414062500000e+00  2.2202020488381e-01  2.0599566582596e-01  1.6024539057857e-02
  5.4492187500000e+00  2.2104395754391e-01  2.0509214740871e-01  1.5951810135198e-02
  5.4570312500000e+00  2.2006528695108e-01  2.0418636055002e-01  1.5878926401061e-02
  5.4648437500000e+00  2.1908426343404e-01  2.0327837043032e-01  1.5805893003715e-02
  5.4726562500000e+00  2.1810095722401e-01  2.0236824214248e-01  1.5732715081530e-02
  5.4804687500000e+00  2.1711543844659e-01  2.0145604068423e-01  1.5659397762358e-02
  5.4882812500000e+00  2.1612777711366e-01  2.0054183095067e-01  1.5585946162987e-02
  5.4960937500000e+00  2.1513804311539e-01  1.9962567772684e-01  1.5512365388552e-02
  5.5039062500000e+00  2.1414630621229e-01  1.9870764568033e-01  1.5438660531960e-02
  5.5117187500000e+00  2.1315263602729e-01  1.9778779935394e-01  1.5364836673355e-02
  5.5195312500000e+00  2.1215710203791e-01  1.9686620315838e-01  1.5290898879528e-02
  5.5273437500000e+00  2.1115977356846e-01  1.9594292136506e-01  1.5216852203400e-02
  5.5351562500000e+00  2.1016071978231e-01  1.9501801809888e-01  1.5142701683432e-02
  5.5429687500000e+00  2.0916000967426e-01  1.9409155733116e-01  1.5068452343102e-02
  5.5507812500000e+00  2.0815771206288e-01  1.9316360287250e-01  1.4994109190380e-02
  5.5585937500000e+00  2.0715389558302e-01  1.9223421836586e-01  1.4919677217157e-02
  5.5664062500000e+00  2.0614862867829e-01  1.9130346727953e-01  1.4845161398756e-02
  5.5742187500000e+00  2.0514197959368e-01  1.9037141290030e-01  1.4770566693384e-02
  5.5820312500000e+00  2.0413401636821e-01  1.8943811832659e-01  1.4695898041616e-02
  5.5898437500000e+00  2.0312480682762e-01  1.8850364646173e-01  1.4621160365890e-02
  5.5976562500000e+00  2.0211441857719e-01  1.8756806000721e-01  1.4546358569980e-02
  5.6054687500000e+00  2.0110291899460e-01  1.8663142145607e-01  1.4471497538528e-02
  5.6132812500000e+00  2.0009037522282e-01  1.8569379308631e-01  1.4396582136505e-02
  5.6210937500000e+00  1.9907685416317e-01  1.8475523695440e-01  1.4321617208768e-02
  5.6289062500000e+00  1.9806242246834e-01  1.8381581488882e-01  1.4246607579513e-02
  5.6367187500000e+00  1.9704714653554e-01  1.8287558848369e-01  1.4171558051852e-02
  5.6445312500000e+00  1.9603109249975e-01  1.8193461909245e-01  1.4096473407305e-02
  5.6523437500000e+00  1.9501432622698e-01  1.8099296782164e-01  1.4021358405340e-02
  5.6601562500000e+00  1.9399691330764e-01  1.8005069552472e-01  1.3946217782922e-02
  5.6679687500000e+00  1.9297891905002e-01  1.7910786279599e-01  1.3871056254030e-02
  5.6757812500000e+00  1.9196040847374e-01  1.7816452996452e-01  1.3795878509221e-02
  5.6835937500000e+00  1.9094144630343e-01  1.7722075708822e-01  1.3720689215207e-02
  5.6914062500000e+00  1.8992209696235e-01  1.7627660394799e-01  1.3645493014362e-02
  5.6992187500000e+00  1.8890242456616e-01  1.7533213004183e-01  1.3570294524339e-02
  5.7070312500000e+00  1.8788249291679e-01  1.7438739457917e-01  1.3495098337623e-02
  5.7148437500000e+00  1.8686236549630e-01  1.7344245647519e-01  1.3419909021111e-02
  5.7226562500000e+00  1.8584210546091e-01  1.7249737434523e-01  1.3344731115686e-02
  5.7304687500000e+00  1.8482177563510e-01  1.7155220649926e-01  1.3269569135838e-02
  5.7382812500000e+00  1.8380143850573e-01  1.7060701093648e-01  1.3194427569244e-02
  5.7460937500000e+00  1.8278115621631e-01  1.6966184533996e-01  1.3119310876353e-02
  5.7539062500000e+00  1.8176099056136e-01  1.6871676707132e-01  1.3044223490042e-02
  5.7617187500000e+00  1.8074100298076e-01  1.6777183316556e-01  1.2969169815197e-02
  5.7695312500000e+00  1.7972125455430e-01  1.6682710032595e-01  1.2894154228349e-02
  5.7773437500000e+00  1.7870180599625e-01  1.6588262491895e-01  1.2819181077301e-02
  5.7851562500000e+00  1.7768271765004e-01  1.6493846296927e-01  1.2744254680773e-02
  5.7929687500000e+00  1.7666404948301e-01  1.6399467015497e-01  1.2669379328033e-02
  5.8007812500000e+00  1.7564586108124e-01  1.6305130180268e-01  1.2594559278556e-02
  5.8085937500000e+00  1.7462821164452e-01  1.6210841288285e-01  1.2519798761673e-02
  5.8164062500000e+00  1.7361115998135e-01  1.6116605800511e-01  1.2445101976247e-02
  5.8242187500000e+00  1.7259476450405e-01  1.6022429141373e-01  1.2370473090319e-02
  5.8320312500000e+00  1.7157908322395e-01  1.5928316698313e-01  1.2295916240816e-02
  5.8398437500000e+00  1.7056417374669e-01  1.5834273821349e-01  1.2221435533195e-02
  5.8476562500000e+00  1.6955009326760e-01  1.5740305822642e-01  1.2147035041183e-02
  5.8554687500000e+00  1.6853689856716e-01  1.5646417976074e-01  1.2072718806419e-02
  5.8632812500000e+00  1.6752464600653e-01  1.5552615516834e-01  1.1998490838192e-02
  5.8710937500000e+00  1.6651339152325e-01  1.5458903641011e-01  1.1924355113143e-02
  5.8789062500000e+00  1.6550319062694e-01  1.5365287505196e-01  1.1850315574981e-02
  5.8867187500000e+00  1.6449409839512e-01  1.5271772226093e-01  1.1776376134194e-02
  5.8945312500000e+00  1.6348616946916e-01  1.5178362880136e-01  1.1702540667802e-02
  5.9023437500000e+00  1.6247945805026e-01  1.5085064503119e-01  1.1628813019078e-02
  5.9101562500000e+00  1.6147401789559e-01  1.4991882089829e-01  1.1555196997299e-02
  5.9179687500000e+00  1.6046990231443e-01  1.4898820593695e-01  1.1481696377486e-02
  5.9257812500000e+00  1.5946716416449e-01  1.4805884926432e-01  1.1408314900167e-02
  5.9335937500000e+00  1.5846585584829e-01  1.4713079957713e-01  1.1335056271150e-02
  5.9414062500000e+00  1.5746602930959e-01  1.4620410514831e-01  1.1261924161282e-02
  5.9492187500000e+00  1.5646773603000e-01  1.4527881382377e-01  1.1188922206227e-02
  5.9570312500000e+00  1.5547102702560e-01  1.4435497301933e-01  1.1116054006264e-02
  5.9648437500000e+00  1.5447595284368e-01  1.4343262971763e-01  1.1043323126048e-02
  5.9726562500000e+00  1.5348256355960e-01  1.4251183046515e-01  1.0970733094454e-02
  5.9804687500000e+00  1.5249090877370e-01  1.4159262136937e-01  1.0898287404331e-02
  5.9882812500000e+00  1.5150103760832e-01  1.4067504809597e-01  1.0825989512354e-02
  5.9960937500000e+00  1.5051299870492e-01  1.3975915586611e-01  1.0753842838814e-02
  6.0039062500000e+00  1.4952684022126e-01  1.3884498945380e-01  1.0681850767459e-02
  6.0117187500000e+00  1.4854260982875e-01  1.3793259318342e-01  1.0610016645328e-02
  6.0195312500000e+00  1.4756035470976e-01  1.3702201092718e-01  1.0538343782578e-02
  6.0273437500000e+00  1.4658012155516e-01  1.3611328610284e-01  1.0466835452324e-02
  6.0351562500000e+00  1.4560195656187e-01  1.3520646167136e-01  1.0395494890516e-02
  6.0429687500000e+00  1.4462590543052e-01  1.3430158013475e-01  1.0324325295771e-02
  6.0507812500000e+00  1.4365201336318e-01  1.3339868353393e-01  1.0253329829257e-02
  6.0585937500000e+00  1.4268032506125e-01  1.3249781344670e-01  1.0182511614548e-02
  6.0664062500000e+00  1.4171088472335e-01  1.3159901098584e-01  1.0111873737510e-02
  6.0742187500000e+00  1.4074373604337e-01  1.3070231679717e-01  1.0041419246201e-02
  6.0820312500000e+00  1.3977892220857e-01  1.2980777105784e-01  9.9711511507325e-03
  6.0898437500000e+00  1.3881648589778e-01  1.2891541347460e-01  9.9010724231775e-03
  6.0976562500000e+00  1.3785646927973e-01  1.2802528328222e-01  9.8311859975058e-03
  6.1054687500000e+00  1.3689891401138e-01  1.2713741924193e-01  9.7614947694448e-03
  6.1132812500000e+00  1.3594386123642e-01  1.2625185963999e-01  9.6920015964337e-03
  6.1210937500000e+00  1.3499135158384e-01  1.2536864228632e-01  9.6227092975271e-03
  6.1289062500000e+00  1.3404142516656e-01  1.2448780451322e-01  9.5536206533364e-03
  6.1367187500000e+00  1.3309412158015e-01  1.2360938317419e-01  9.4847384059601e-03
  6.1445312500000e+00  1.3214947990173e-01  1.2273341464279e-01  9.4160652589386e-03
  6.1523437500000e+00  1.3120753868876e-01  1.2185993481158e-01  9.3476038771793e-03
  6.1601562500000e+00  1.3026833597815e-01  1.2098897909122e-01  9.2793568869312e-03
  6.1679687500000e+00  1.2933190928530e-01  1.2012058240955e-01  9.2113268757486e-03
  6.1757812500000e+00  1.2839829560325e-01  1.1925477921081e-01  9.1435163924379e-03
  6.1835937500000e+00  1.2746753140197e-01  1.1839160345491e-01  9.0759279470598e-03
  6.1914062500000e+00  1.2653965262767e-01  1.1753108861678e-01  9.0085640108810e-03
  6.1992187500000e+00  1.2561469470225e-01  1.1667326768587e-01  8.9414270163816e-03
  6.2070312500000e+00  1.2469269252281e-01  1.1581817316557e-01  8.8745193572372e-03
  6.2148437500000e+00  1.2377368046121e-01  1.1496583707289e-01  8.8078433883189e-03
  6.2226562500000e+00  1.2285769236378e-01  1.1411629093809e-01  8.7414014256923e-03
  6.2304687500000e+00  1.2194476155105e-01  1.1326956580442e-01  8.6751957466309e-03
  6.2382812500000e+00  1.2103492081762e-01  1.1242569222797e-01  8.6092285896407e-03
  6.2460937500000e+00  1.2012820243204e-01  1.1158470027757e-01  8.5435021544725e-03
  6.2539062500000e+00  1.1922463813684e-01  1.1074661953471e-01  8.4780186021347e-03
  6.2617187500000e+00  1.1832425914861e-01  1.0991147909366e-01  8.4127800549531e-03
  6.2695312500000e+00  1.1742709615816e-01  1.0907930756155e-01  8.3477885966058e-03
  6.2773437500000e+00  1.1653317933071e-01  1.0825013305858e-01  8.2830462721319e-03
  6.2851562500000e+00  1.1564253830629e-01  1.0742398321826e-01  8.2185550880311e-03
  6.2929687500000e+00  1.1475520220007e-01  1.0660088518779e-01  8.1543170122803e-03
  6.3007812500000e+00  1.1387119960286e-01  1.0578086562844e-01  8.0903339744186e-03
  6.3085937500000e+00  1.1299055858164e-01  1.0496395071605e-01  8.0266078655949e-03
  6.3164062500000e+00  1.1211330668021e-01  1.0415016614156e-01  7.9631405386509e-03
  6.3242187500000e+00  1.1123947091984e-01  1.0333953711165e-01  7.8999338081909e-03
  6.3320312500000e+00  1.1036907780010e-01  1.0253208834943e-01  7.8369894506705e-03
  6.3398437500000e+00  1.0950215329965e-01  1.0172784409517e-01  7.7743092044757e-03
  6.3476562500000e+00  1.0863872287719e-01  1.0092682810718e-01  7.7118947700146e-03
  6.3554687500000e+00  1.0777881147244e-01  1.0012906366262e-01  7.6497478098228e-03
  6.3632812500000e+00  1.0692244350720e-01  9.9334573558543e-02  7.5878699486572e-03
  6.3710937500000e+00  1.0606964288647e-01  9.8543380112871e-02  7.5262627736023e-03
  6.3789062500000e+00  1.0522043299968e-01  9.7755505165487e-02  7.4649278341914e-03
  6.3867187500000e+00  1.0437483672191e-01  9.6970970079399e-02  7.4038666425144e-03
  6.3945312500000e+00  1.0353287641528e-01  9.6189795741946e-02  7.3430806733331e-03
  6.4023437500000e+00  1.0269457393031e-01  9.5412002566081e-02  7.2825713642278e-03
  6.4101562500000e+00  1.0185995060742e-01  9.4637610491711e-02  7.2223401157092e-03
  6.4179687500000e+00  1.0102902727845e-01  9.3866638987094e-02  7.1623882913528e-03
  6.4257812500000e+00  1.0020182426826e-01  9.3099107050302e-02  7.1027172179542e-03
  6.4335937500000e+00  9.9378361396404e-02  9.2335033210745e-02  7.0433281856583e-03
  6.4414062500000e+00  9.8558657978864e-02  9.1574435530746e-02  6.9842224481182e-03
  6.4492187500000e+00  9.7742732829818e-02  9.0817331607180e-02  6.9254012226378e-03
  6.4570312500000e+00  9.6930604263503e-02  9.0063738573170e-02  6.8668656903333e-03
  6.4648437500000e+00  9.6122290096134e-02  8.9313673099837e-02  6.8086169962968e-03
  6.4726562500000e+00  9.5317807647874e-02  8.8567151398109e-02  6.7506562497653e-03
  6.4804687500000e+00  9.4517173744851e-02  8.7824189220581e-02  6.6929845242704e-03
  6.4882812500000e+00  9.3720404721268e-02  8.7084801863430e-02  6.6356028578377e-03
  6.4960937500000e+00  9.2927516421532e-02  8.6349004168390e-02  6.5785122531421e-03
  6.5039062500000e+00  9.2138524202471e-02  8.5616810524766e-02  6.5217136777059e-03
  6.5117187500000e+00  9.1353442935586e-02  8.4888234871513e-02  6.4652080640735e-03
  6.5195312500000e+00  9.0572287009362e-02  8.4163290699360e-02  6.4089963100017e-03
  6.5273437500000e+00  8.9795070331630e-02  8.3441991052982e-02  6.3530792786474e-03
  6.5351562500000e+00  8.9021806332005e-02  8.2724348533226e-02  6.2974577987792e-03
  6.5429687500000e+00  8.8252507964338e-02  8.2010375299382e-02  6.2421326649557e-03
  6.5507812500000e+00  8.7487187709252e-02  8.1300083071503e-02  6.1871046377489e-03
  6.5585937500000e+00  8.6725857576703e-02  8.0593483132771e-02  6.1323744439316e-03
  6.5664062500000e+00  8.5968529108608e-02  7.9890586331911e-02  6.0779427766970e-03
  6.5742187500000e+00  8.5215213381521e-02  7.9191403085646e-02  6.0238102958752e-03
  6.5820312500000e+00  8.4465921009336e-02  7.8495943381200e-02  5.9699776281363e-03
  6.5898437500000e+00  8.3720662146068e-02  7.7804216778844e-02  5.9164453672238e-03
  6.5976562500000e+00  8.2979446488647e-02  7.7116232414482e-02  5.8632140741651e-03
  6.6054687500000e+00  8.2242283279783e-02  7.6431999002281e-02  5.8102842775026e-03
  6.6132812500000e+00  8.1509181310862e-02  7.5751524837340e-02  5.7576564735223e-03
  6.6210937500000e+00  8.0780148924884e-02  7.5074817798403e-02  5.7053311264808e-03
  6.6289062500000e+00  8.0055194019448e-02  7.4401885350606e-02  5.6533086688414e-03
  6.6367187500000e+00  7.9334324049777e-02  7.3732734548265e-02  5.6015895015114e-03
  6.6445312500000e+00  7.8617546031776e-02  7.3067372037701e-02  5.5501739940752e-03
  6.6523437500000e+00  7.7904866545150e-02  7.2405804060103e-02  5.4990624850473e-03
  6.6601562500000e+00  7.7196291736525e-02  7.1748036454423e-02  5.4482552821022e-03
  6.6679687500000e+00  7.6491827322642e-02  7.1094074660311e-02  5.3977526623317e-03
  6.6757812500000e+00  7.5791478593574e-02  7.0443923721080e-02  5.3475548724936e-03
  6.6835937500000e+00  7.5095250415961e-02  6.9797588286707e-02  5.2976621292536e-03
  6.6914062500000e+00  7.4403147236310e-02  6.9155072616863e-02  5.2480746194471e-03
  6.6992187500000e+00  7.3715173084307e-02  6.8516380583976e-02  5.1987925003311e-03
  6.7070312500000e+00  7.3031331576173e-02  6.7881515676330e-02  5.1498158998425e-03
  6.7148437500000e+00  7.2351625918052e-02  6.7250481001183e-02  5.1011449168689e-03
  6.7226562500000e+00  7.1676058909406e-02  6.6623279287923e-02  5.0527796214826e-03
  6.7304687500000e+00  7.1004632946486e-02  6.5999912891250e-02  5.0047200552359e-03
  6.7382812500000e+00  7.0337350025784e-02  6.5380383794380e-02  4.9569662314038e-03
  6.7460937500000e+00  6.9674211747549e-02  6.4764693612287e-02  4.9095181352620e-03
  6.7539062500000e+00  6.9015219319312e-02  6.4152843594955e-02  4.8623757243574e-03
  6.7617187500000e+00  6.8360373559441e-02  6.3544834630670e-02  4.8155389287710e-03
  6.7695312500000e+00  6.7709674900721e-02  6.2940667249327e-02  4.7690076513945e-03
  6.7773437500000e+00  6.7063123393963e-02  6.2340341625759e-02  4.7227817682047e-03
  6.7851562500000e+00  6.6420718711630e-02  6.1743857583096e-02  4.6768611285342e-03
  6.7929687500000e+00  6.5782460151494e-02  6.1151214596140e-02  4.6312455553537e-03
  6.8007812500000e+00  6.5148346640312e-02  6.0562411794761e-02  4.5859348455516e-03
  6.8085937500000e+00  6.4518376737514e-02  5.9977447967311e-02  4.5409287702032e-03
  6.8164062500000e+00  6.3892548638914e-02  5.9396321564064e-02  4.4962270748500e-03
  6.8242187500000e+00  6.3270860180474e-02  5.8819030700667e-02  4.4518294798067e-03
  6.8320312500000e+00  6.2653308842024e-02  5.8245573161613e-02  4.4077356804105e-03
  6.8398437500000e+00  6.2039891751046e-02  5.7675946403725e-02  4.3639453473211e-03
  6.8476562500000e+00  6.1430605686461e-02  5.7110147559664e-02  4.3204581267972e-03
  6.8554687500000e+00  6.0825447082445e-02  5.6548173441444e-02  4.2772736410008e-03
  6.8632812500000e+00  6.0224412032235e-02  5.5990020543967e-02  4.2343914882684e-03
  6.8710937500000e+00  5.9627496291952e-02  5.5435685048567e-02  4.1918112433854e-03
  6.8789062500000e+00  5.9034695284475e-02  5.4885162826572e-02  4.1495324579033e-03
  6.8867187500000e+00  5.8446004103277e-02  5.4338449442871e-02  4.1075546604062e-03
  6.8945312500000e+00  5.7861417516307e-02  5.3795540159499e-02  4.0658773568080e-03
  6.9023437500000e+00  5.7280929969861e-02  5.3256429939227e-02  4.0245000306344e-03
  6.9101562500000e+00  5.6704535592491e-02  5.2721113449165e-02  3.9834221433260e-03
  6.9179687500000e+00  5.6132228198892e-02  5.2189585064373e-02  3.9426431345191e-03
  6.9257812500000e+00  5.5564001293813e-02  5.1661838871477e-02  3.9021624223354e-03
  6.9335937500000e+00  5.4999848075978e-02  5.1137868672300e-02  3.8619794036785e-03
  6.9414062500000e+00  5.4439761442007e-02  5.0617667987488e-02  3.8220934545188e-03
  6.9492187500000e+00  5.3883733990347e-02  5.0101230060156e-02  3.7825039301913e-03
  6.9570312500000e+00  5.3331758025211e-02  4.9588547859526e-02  3.7432101656842e-03
  6.9648437500000e+00  5.2783825560505e-02  4.9079614084580e-02  3.7042114759252e-03
  6.9726562500000e+00  5.2239928323788e-02  4.8574421167705e-02  3.6655071560828e-03
  6.9804687500000e+00  5.1700057760212e-02  4.8072961278358e-02  3.6270964818540e-03
  6.9882812500000e+00  5.1164205036467e-02  4.7575226326713e-02  3.5889787097540e-03
  6.9960937500000e+00  5.0632361044733e-02  4.7081207967328e-02  3.5511530774044e-03
  7.0039062500000e+00  5.0104516406638e-02  4.6590897602801e-02  3.5136188038369e-03
  7.0117187500000e+00  4.9580661477198e-02  4.6104286387432e-02  3.4763750897659e-03
  7.0195312500000e+00  4.9060786348773e-02  4.5621365230880e-02  3.4394211178926e-03
  7.0273437500000e+00  4.8544880855023e-02  4.5142124801826e-02  3.4027560531962e-03
  7.0351562500000e+00  4.8032934574842e-02  4.4666555531629e-02  3.3663790432137e-03
  7.0429687500000e+00  4.7524936836316e-02  4.4194647617977e-02  3.3302892183391e-03
  7.0507812500000e+00  4.7020876720646e-02  4.3726391028545e-02  3.2944856921009e-03
  7.0585937500000e+00  4.6520743066103e-02  4.3261775504639e-02  3.2589675614640e-03
  7.0664062500000e+00  4.6024524471952e-02  4.2800790564841e-02  3.2237339071107e-03
  7.0742187500000e+00  4.5532209302378e-02  4.2343425508650e-02  3.1887837937278e-03
  7.0820312500000e+00  4.5043785690402e-02  4.1889669420113e-02  3.1541162702891e-03
  7.0898437500000e+00  4.4559241541807e-02  4.1439511171453e-02  3.1197303703547e-03
  7.0976562500000e+00  4.4078564539029e-02  4.0992939426692e-02  3.0856251123373e-03
  7.1054687500000e+00  4.3601742145072e-02  4.0549942645264e-02  3.0517994998080e-03
  7.1132812500000e+00  4.3128761607376e-02  4.0110509085617e-02  3.0182525217583e-03
  7.1210937500000e+00  4.2659609961712e-02  3.9674626808819e-02  2.9849831528934e-03
  7.1289062500000e+00  4.2194274036052e-02  3.9242283682136e-02  2.9519903539165e-03
  7.1367187500000e+00  4.1732740454427e-02  3.8813467382618e-02  2.9192730718086e-03
  7.1445312500000e+00  4.1274995640765e-02  3.8388165400667e-02  2.8868302400973e-03
  7.1523437500000e+00  4.0821025822740e-02  3.7966365043593e-02  2.8546607791466e-03
  7.1601562500000e+00  4.0370817035597e-02  3.7548053439162e-02  2.8227635964347e-03
  7.1679687500000e+00  3.9924355125954e-02  3.7133217539132e-02  2.7911375868215e-03
  7.1757812500000e+00  3.9481625755606e-02  3.6721844122777e-02  2.7597816328297e-03
  7.1835937500000e+00  3.9042614405317e-02  3.6313919800393e-02  2.7286946049240e-03
  7.1914062500000e+00  3.8607306378571e-02  3.5909431016802e-02  2.6978753617688e-03
  7.1992187500000e+00  3.8175686805348e-02  3.5508364054831e-02  2.6673227505171e-03
  7.2070312500000e+00  3.7747740645849e-02  3.5110705038783e-02  2.6370356070655e-03
  7.2148437500000e+00  3.7323452694223e-02  3.4716439937891e-02  2.6070127563325e-03
  7.2226562500000e+00  3.6902807582281e-02  3.4325554569758e-02  2.5772530125230e-03
  7.2304687500000e+00  3.6485789783178e-02  3.3938034603782e-02  2.5477551793959e-03
  7.2382812500000e+00  3.6072383615090e-02  3.3553865564564e-02  2.5185180505255e-03
  7.2460937500000e+00  3.5662573244862e-02  3.3173032835299e-02  2.4895404095635e-03
  7.2539062500000e+00  3.5256342691655e-02  3.2795521661148e-02  2.4608210305068e-03
  7.2617187500000e+00  3.4853675830559e-02  3.2421317152604e-02  2.4323586779551e-03
  7.2695312500000e+00  3.4454556396182e-02  3.2050404288820e-02  2.4041521073620e-03
  7.2773437500000e+00  3.4058967986249e-02  3.1682767920942e-02  2.3762000653069e-03
  7.2851562500000e+00  3.3666894065136e-02  3.1318392775403e-02  2.3485012897324e-03
  7.2929687500000e+00  3.3278317967428e-02  3.0957263457214e-02  2.3210545102136e-03
  7.3007812500000e+00  3.2893222901422e-02  3.0599364453223e-02  2.2938584481990e-03
  7.3085937500000e+00  3.2511591952629e-02  3.0244680135365e-02  2.2669118172635e-03
  7.3164062500000e+00  3.2133408087250e-02  2.9893194763885e-02  2.2402133233647e-03
  7.3242187500000e+00  3.1758654155622e-02  2.9544892490542e-02  2.2137616650795e-03
  7.3320312500000e+00  3.1387312895643e-02  2.9199757361795e-02  2.1875555338476e-03
  7.3398437500000e+00  3.1019366936193e-02  2.8857773321965e-02  2.1615936142278e-03
  7.3476562500000e+00  3.0654798800502e-02  2.8518924216375e-02  2.1358745841270e-03
  7.3554687500000e+00  3.0293590909517e-02  2.8183193794473e-02  2.1103971150437e-03
  7.3632812500000e+00  2.9935725585231e-02  2.7850565712927e-02  2.0851598723043e-03
  7.3710937500000e+00  2.9581185054007e-02  2.7521023538702e-02  2.0601615153048e-03
  7.3789062500000e+00  2.9229951449849e-02  2.7194550752113e-02  2.0354006977360e-03
  7.3867187500000e+00  2.8882006817668e-02  2.6871130749853e-02  2.0108760678153e-03
  7.3945312500000e+00  2.8537333116530e-02  2.6550746848001e-02  1.9865862685290e-03
  7.4023437500000e+00  2.8195912222851e-02  2.6233382285004e-02  1.9625299378471e-03
  7.4101562500000e+00  2.7857725933590e-02  2.5919020224640e-02  1.9387057089503e-03
  7.4179687500000e+00  2.7522755969408e-02  2.5607643758948e-02  1.9151122104600e-03
  7.4257812500000e+00  2.7190983977804e-02  2.5299235911144e-02  1.8917480666603e-03
  7.4335937500000e+00  2.6862391536213e-02  2.4993779638503e-02  1.8686118977099e-03
  7.4414062500000e+00  2.6536960155095e-02  2.4691257835226e-02  1.8457023198696e-03
  7.4492187500000e+00  2.6214671280981e-02  2.4391653335273e-02  1.8230179457086e-03
  7.4570312500000e+00  2.5895506299499e-02  2.4094948915176e-02  1.8005573843232e-03
  7.4648437500000e+00  2.5579446538382e-02  2.3801127296828e-02  1.7783192415542e-03
  7.4726562500000e+00  2.5266473270412e-02  2.3510171150239e-02  1.7563021201729e-03
  7.4804687500000e+00  2.4956567716417e-02  2.3222063096275e-02  1.7345046201421e-03
  7.4882812500000e+00  2.4649711048123e-02  2.2936785709366e-02  1.7129253387572e-03
  7.4960937500000e+00  2.4345884390898e-02  2.2654321520189e-02  1.6915628707083e-03
  7.5039062500000e+00  2.4045068827769e-02  2.2374653018325e-02  1.6704158094436e-03
  7.5117187500000e+00  2.3747245397880e-02  2.2097762654890e-02  1.6494827429902e-03
  7.5195312500000e+00  2.3452395111110e-02  2.1823632845135e-02  1.6287622659751e-03
  7.5273437500000e+00  2.3160498927557e-02  2.1552245971030e-02  1.6082529565278e-03
  7.5351562500000e+00  2.2871537785330e-02  2.1283584383807e-02  1.5879534015235e-03
  7.5429687500000e+00  2.2585492642716e-02  2.1017630406488e-02  1.5678622362283e-03
  7.5507812500000e+00  2.2302344155569e-02  2.0754366336379e-02  1.5479778191894e-03
  7.5585937500000e+00  2.2022073831919e-02  2.0493774447539e-02  1.5282993843802e-03
  7.5664062500000e+00  2.1744661051859e-02  2.0235836993220e-02  1.5088240586389e-03
  7.5742187500000e+00  2.1470089117039e-02  1.9980536208285e-02  1.4895529087547e-03
  7.5820312500000e+00  2.1198336180866e-02  1.9727854311588e-02  1.4704818692784e-03
  7.5898437500000e+00  2.0929381651734e-02  1.9477773508339e-02  1.4516081433951e-03
  7.5976562500000e+00  2.0663223144989e-02  1.9230275992431e-02  1.4329471525578e-03
  7.6054687500000e+00  2.0399785288575e-02  1.8985343948746e-02  1.4144413398292e-03
  7.6132812500000e+00  2.0139183934896e-02  1.8742959555427e-02  1.3962243794689e-03
  7.6210937500000e+00  1.9881135278829e-02  1.8503104986128e-02  1.3780302927008e-03
  7.6289062500000e+00  1.9626051663799e-02  1.8265762412232e-02  1.3602892515663e-03
  7.6367187500000e+00  1.9373343877368e-02  1.8030914005044e-02  1.3424298723239e-03
  7.6445312500000e+00  1.9123520835801e-02  1.7798541937953e-02  1.3249788978487e-03
  7.6523437500000e+00  1.8876509987959e-02  1.7568628388566e-02  1.3078815993932e-03
  7.6601562500000e+00  1.8631107776812e-02  1.7341155540819e-02  1.2899522359930e-03
  7.6679687500000e+00  1.8390807312247e-02  1.7116105587052e-02  1.2747017251945e-03
  7.6757812500000e+00  1.8148450533365e-02  1.6893460730063e-02  1.2549898033019e-03
  7.6835937500000e+00  1.7916074282390e-02  1.6673203185127e-02  1.2428710972631e-03
  7.6914062500000e+00  1.7675616104567e-02  1.6455315181994e-02  1.2203009225727e-03
  7.6992187500000e+00  1.7451872706433e-02  1.6239778966853e-02  1.2120937395795e-03
  7.7070312500000e+00  1.7212559272578e-02  1.6026576804272e-02  1.1859824683061e-03
  7.7148437500000e+00  1.6998292557853e-02  1.5815690979106e-02  1.1826015787477e-03
  7.7226562500000e+00  1.6758603696616e-02  1.5607103798379e-02  1.1514998982372e-03
  7.7304687500000e+00  1.6555622964848e-02  1.5400797593141e-02  1.1548253717072e-03
  7.7382812500000e+00  1.6313716476451e-02  1.5196754720289e-02  1.1169617561624e-03
  7.7460937500000e+00  1.6122738397576e-02  1.4994957564368e-02  1.1277808332080e-03
  7.7539062500000e+00  1.5879502830313e-02  1.4795388539341e-02  1.0841142909724e-03
  7.7617187500000e+00  1.5697236413895e-02  1.4598030090326e-02  1.0992063235682e-03
  7.7695312500000e+00  1.5458388334321e-02  1.4402864695317e-02  1.0555236390032e-03
  7.7773437500000e+00  1.5275966077913e-02  1.4209874866865e-02  1.0660912110477e-03
  7.7851562500000e+00  1.5053682332353e-02  1.4019043153737e-02  1.0346391786164e-03
  7.7929687500000e+00  1.4855406149292e-02  1.3830352142549e-02  1.0250540067432e-03
  7.8007812500000e+00  1.4667388971052e-02  1.3643784459365e-02  1.0236045116862e-03
  7.8085937500000e+00  1.4435304966278e-02  1.3459322771279e-02  9.7598219499920e-04
  7.8164062500000e+00  1.4298025693883e-02  1.3276949787955e-02  1.0210759059275e-03
  7.8242187500000e+00  1.4016259651821e-02  1.3096648263155e-02  9.1961138866599e-04
  7.8320312500000e+00  1.3947076274493e-02  1.2918400996227e-02  1.0286752782662e-03
  7.8398437500000e+00  1.3595389158202e-02  1.2742190833573e-02  8.5319832462939e-04
  7.8476562500000e+00  1.3612780249418e-02  1.2568000670091e-02  1.0447795793266e-03
  7.8554687500000e+00  1.3187396602539e-02  1.2395813450584e-02  7.9158315195528e-04
  7.8632812500000e+00  1.3259863528735e-02  1.2225612171145e-02  1.0342513575906e-03
  7.8710937500000e+00  1.2847156176094e-02  1.2057379880518e-02  7.8977629557533e-04
  7.8789062500000e+00  1.2828182229357e-02  1.1891099681430e-02  9.3708254792740e-04
  7.8867187500000e+00  1.2610120786054e-02  1.1726754731893e-02  8.8336605416018e-04
  7.8945312500000e+00  1.2337935335953e-02  1.1564328246489e-02  7.7360708946375e-04
  7.9023437500000e+00  1.2387093598267e-02  1.1403803497617e-02  9.8329010064990e-04
  7.9101562500000e+00  1.1914686999744e-02  1.1245163816724e-02  6.6952318302048e-04
  7.9179687500000e+00  1.2085234505128e-02  1.1088392595504e-02  9.9684190962470e-04
  7.9257812500000e+00  1.1549934948985e-02  1.0933473287074e-02  6.1646166191143e-04
  7.9335937500000e+00  1.1823381309505e-02  1.0780389407123e-02  1.0429919023821e-03
  7.9414062500000e+00  1.1099954658780e-02  1.0629124535036e-02  4.7083012374424e-04
  7.9492187500000e+00  1.1652050358856e-02  1.0479662314992e-02  1.1723880438640e-03
  7.9570312500000e+00  1.0655929258572e-02  1.0331986457039e-02  3.2394280153262e-04
  7.9648437500000e+00  1.1425318228916e-02  1.0186080738140e-02  1.2392374907762e-03
  7.9726562500000e+00  1.0263031196840e-02  1.0041929003198e-02  2.2110219364190e-04
  7.9804687500000e+00  1.1232964309259e-02  9.8995151660533e-03  1.3334491432062e-03
  7.9882812500000e+00  9.7932233291820e-03  9.7588232104594e-03  3.4400118722539e-05
  7.9960937500000e+00  1.1061308679217e-02  9.6198371910313e-03  1.4414714881859e-03
