#              Coord.            Numerical           Analytical                Error
  3.9062500000000e-03  2.9738042125282e-03  2.6780195903416e-03  2.9578462218655e-04
  1.1718750000000e-02  2.8436822830902e-03  2.7235115045955e-03  1.2017077849467e-04
  1.9531250000000e-02  2.7614457621951e-03  2.7696916711578e-03  8.2459089627046e-06
  2.7343750000000e-02  2.8556241542475e-03  2.8165689176456e-03  3.9055236601850e-05
  3.5156250000000e-02  2.8729458834276e-03  2.8641521568626e-03  8.7937265650030e-06
  4.2968750000000e-02  2.8504294710143e-03  2.9124503871434e-03  6.2020916129090e-05
  5.0781250000000e-02  3.0349738488094e-03  2.9614726926911e-03  7.3501156118325e-05
  5.8593750000000e-02  2.9498026714643e-03  3.0112282439071e-03  6.1425572442765e-05
  6.6406250000000e-02  3.0157159423048e-03  3.0617262977128e-03  4.6010355408011e-05
  7.4218750000000e-02  3.0945264159318e-03  3.1129761978642e-03  1.8449781932389e-05
  8.2031250000000e-02  3.1436815586063e-03  3.1649873752576e-03  2.1305816651289e-05
  8.9843750000000e-02  3.1766594003323e-03  3.2177693482276e-03  4.1109947895343e-05
  9.7656250000000e-02  3.2552840845423e-03  3.2713317228368e-03  1.6047638294425e-05
  1.0546875000000e-01  3.4328834439761e-03  3.3256841931555e-03  1.0719925082062e-04
  1.1328125000000e-01  3.2018896143263e-03  3.3808365415346e-03  1.7894692720828e-04
  1.2109375000000e-01  4.2281741166229e-03  3.4367986388676e-03  7.9137547775527e-04
  1.2890625000000e-01  3.7068421212780e-03  3.4935804448443e-03  2.1326167643371e-04
  1.3671875000000e-01  3.6409730510398e-03  3.5511920081949e-03  8.9781042844836e-05
  1.4453125000000e-01  3.4970112876855e-03  3.6096434669243e-03  1.1263217923882e-04
  1.5234375000000e-01  3.5989681311910e-03  3.6689450485366e-03  6.9976917345612e-05
  1.6015625000000e-01  3.6540061917016e-03  3.7291070702494e-03  7.5100878547780e-05
  1.6796875000000e-01  3.6618555341249e-03  3.7901399391980e-03  1.2828440507316e-04
  1.7578125000000e-01  3.9077478356160e-03  3.8520541526294e-03  5.5693682986617e-05
  1.8359375000000e-01  3.7972946708212e-03  3.9148602980846e-03  1.1756562726342e-04
  1.9140625000000e-01  3.8546252628485e-03  3.9785690535713e-03  1.2394379072280e-04
  1.9921875000000e-01  3.9492134048891e-03  4.0431911877245e-03  9.3977782835365e-05
  2.0703125000000e-01  4.0161084304996e-03  4.1087375599564e-03  9.2629129456808e-05
  2.1484375000000e-01  4.0753326704669e-03  4.1752191205943e-03  9.9886450127437e-05
  2.2265625000000e-01  4.2084067520918e-03  4.2426469110071e-03  3.4240158915350e-05
  2.3046875000000e-01  4.4499523163348e-03  4.3110320637196e-03  1.3892025261519e-04
  2.3828125000000e-01  4.1613462310903e-03  4.3803858025150e-03  2.1903957142470e-04
  2.4609375000000e-01  5.4866913366957e-03  4.4507194425244e-03  1.0359718941713e-03
  2.5390625000000e-01  4.8023436865094e-03  4.5220443903044e-03  2.8029929620493e-04
  2.6171875000000e-01  4.7063868581796e-03  4.5943721439014e-03  1.1201471427825e-04
  2.6953125000000e-01  4.5105249655543e-03  4.6677142929028e-03  1.5718932734848e-04
  2.7734375000000e-01  4.6348042254372e-03  4.7420825184755e-03  1.0727829303822e-04
  2.8515625000000e-01  4.7047127515706e-03  4.8174885933903e-03  1.1277584181972e-04
  2.9296875000000e-01  4.7132604002139e-03  4.8939443820332e-03  1.8068398181933e-04
  3.0078125000000e-01  5.0353427001823e-03  4.9714618404019e-03  6.3880859780460e-05
  3.0859375000000e-01  4.8955136305688e-03  5.0500530160892e-03  1.5453938552041e-04
  3.1640625000000e-01  4.9733760958243e-03  5.1297300482515e-03  1.5635395242726e-04
  3.2421875000000e-01  5.0930870069052e-03  5.2105051675626e-03  1.1741816065746e-04
  3.3203125000000e-01  5.1777382268502e-03  5.2923906961530e-03  1.1465246930285e-04
  3.3984375000000e-01  5.2484692136734e-03  5.3753990475340e-03  1.2692983386069e-04
  3.4765625000000e-01  5.4175074612114e-03  5.4595427265068e-03  4.2035265295413e-05
  3.5546875000000e-01  5.7242626729404e-03  5.5448343290557e-03  1.7942834388470e-04
  3.6328125000000e-01  5.3509384265917e-03  5.6312865422259e-03  2.8034811563425e-04
  3.7109375000000e-01  7.0527092675668e-03  5.7189121439856e-03  1.3337971235811e-03
  3.7890625000000e-01  6.1699088290753e-03  5.8077240030715e-03  3.6218482600389e-04
  3.8671875000000e-01  6.0444057812661e-03  5.8977350788178e-03  1.4667070244829e-04
  3.9453125000000e-01  5.7855498067363e-03  5.9889584209698e-03  2.0340861423349e-04
  4.0234375000000e-01  5.9397335194463e-03  6.0814071694791e-03  1.4167365003286e-04
  4.1015625000000e-01  6.0272116758364e-03  6.1750945542829e-03  1.4788287844657e-04
  4.1796875000000e-01  6.0312321060085e-03  6.2700338950655e-03  2.3880178905702e-04
  4.2578125000000e-01  6.4468020200229e-03  6.3662386010026e-03  8.0563419020390e-05
  4.3359375000000e-01  6.2619768167198e-03  6.4637221704876e-03  2.0174535376781e-04
  4.4140625000000e-01  6.3613128707038e-03  6.5624981908408e-03  2.0118532013695e-04
  4.4921875000000e-01  6.5111224990619e-03  6.6625803379988e-03  1.5145783893687e-04
  4.5703125000000e-01  6.6122754057461e-03  6.7639823761876e-03  1.5170697044149e-04
  4.6484375000000e-01  6.7062144443822e-03  6.8667181575756e-03  1.6050371319343e-04
  4.7265625000000e-01  6.9154043594621e-03  6.9708016219082e-03  5.5397262446116e-05
  4.8046875000000e-01  7.3105747565382e-03  7.0762467961239e-03  2.3432796041429e-04
  4.8828125000000e-01  6.8304611841021e-03  7.1830677939504e-03  3.5260660984831e-04
  4.9609375000000e-01  8.9979676333617e-03  7.2912788154817e-03  1.7066888178799e-03
  5.0390625000000e-01  7.8706941848899e-03  7.4008941467355e-03  4.6980003815442e-04
  5.1171875000000e-01  7.7032844220574e-03  7.5119281591905e-03  1.9135626286689e-04
  5.1953125000000e-01  7.3700198609394e-03  7.6243953093040e-03  2.5437544836465e-04
  5.2734375000000e-01  7.5593228134940e-03  7.7383101380086e-03  1.7898732451461e-04
  5.3515625000000e-01  7.6682105022458e-03  7.8536872701889e-03  1.8547676794309e-04
  5.4296875000000e-01  7.6703788486745e-03  7.9705414141373e-03  3.0016256546283e-04
  5.5078125000000e-01  8.1923376762680e-03  8.0888873609887e-03  1.0345031527935e-04
  5.5859375000000e-01  7.9547531888785e-03  8.2087399841343e-03  2.5398679525582e-04
  5.6640625000000e-01  8.0709355739719e-03  8.3301142386140e-03  2.5917866464201e-04
  5.7421875000000e-01  8.2564882550100e-03  8.4530251604866e-03  1.9653690547666e-04
  5.8203125000000e-01  8.3767064773464e-03  8.5774878661797e-03  2.0078138883337e-04
  5.8984375000000e-01  8.4957462318429e-03  8.7035175518161e-03  2.0777131997319e-04
  5.9765625000000e-01  8.7602376215978e-03  8.8311294925184e-03  7.0891870920586e-05
  6.0546875000000e-01  9.2596608356460e-03  8.9603390416924e-03  2.9932179395352e-04
  6.1328125000000e-01  8.6531004349428e-03  9.0911616302862e-03  4.3806119534346e-04
  6.2109375000000e-01  1.1388242628825e-02  9.2236127660277e-03  2.1646298627968e-03
  6.2890625000000e-01  9.9635462360775e-03  9.3577080326387e-03  6.0583820343883e-04
  6.3671875000000e-01  9.7397702003929e-03  9.4934630890261e-03  2.4630711136676e-04
  6.4453125000000e-01  9.3122031777928e-03  9.6308936684495e-03  3.1869049065678e-04
  6.5234375000000e-01  9.5404406019723e-03  9.7700155776657e-03  2.2957497569331e-04
  6.6015625000000e-01  9.6723849184643e-03  9.9108446960486e-03  2.3845977758439e-04
  6.6796875000000e-01  9.6727132236224e-03  1.0053396974687e-02  3.8068375106448e-04
  6.7578125000000e-01  1.0325465801914e-02  1.0197688435455e-02  1.2777736645879e-04
  6.8359375000000e-01  1.0027262941510e-02  1.0343735170065e-02  3.1647222855510e-04
  6.9140625000000e-01  1.0167681015181e-02  1.0491553339084e-02  3.2387232390325e-04
  6.9921875000000e-01  1.0396455783004e-02  1.0641159170942e-02  2.4470338793804e-04
  7.0703125000000e-01  1.0539737159167e-02  1.0792568960898e-02  2.5283180173158e-04
  7.1484375000000e-01  1.0685293075295e-02  1.0945799069998e-02  2.6050599470272e-04
  7.2265625000000e-01  1.1008840509187e-02  1.1100865923992e-02  9.2025414804974e-05
  7.3046875000000e-01  1.1634196387344e-02  1.1257786012240e-02  3.7641037510382e-04
  7.3828125000000e-01  1.0865861765954e-02  1.1416575886580e-02  5.5071412062567e-04
  7.4609375000000e-01  1.4295644825109e-02  1.1577252160182e-02  2.7183926649269e-03
  7.5390625000000e-01  1.2503863782445e-02  1.1739831506367e-02  7.6403227607798e-04
  7.6171875000000e-01  1.2213952935801e-02  1.1904330657407e-02  3.0962227839355e-04
  7.6953125000000e-01  1.1674946572438e-02  1.2070766403293e-02  3.9581983085452e-04
  7.7734375000000e-01  1.1951019152158e-02  1.2239155590481e-02  2.8813643832354e-04
  7.8515625000000e-01  1.2111115574004e-02  1.2409515120613e-02  2.9839954660892e-04
  7.9296875000000e-01  1.2106927229484e-02  1.2581861949207e-02  4.7493471972247e-04
  8.0078125000000e-01  1.2913580310673e-02  1.2756213084321e-02  1.5736722635203e-04
  8.0859375000000e-01  1.2539367996991e-02  1.2932585585197e-02  3.9321758820606e-04
  8.1640625000000e-01  1.2706702145744e-02  1.3110996560871e-02  4.0429441512677e-04
  8.2421875000000e-01  1.2987195989035e-02  1.3291463168755e-02  3.0426717972085e-04
  8.3203125000000e-01  1.3157825467741e-02  1.3474002613205e-02  3.1617714546357e-04
  8.3984375000000e-01  1.3335507179462e-02  1.3658632144041e-02  3.2312496457847e-04
  8.4765625000000e-01  1.3728142990749e-02  1.3845369055060e-02  1.1722606431101e-04
  8.5546875000000e-01  1.4504732005914e-02  1.4034230682510e-02  4.7050132340374e-04
  8.6328125000000e-01  1.3538078410199e-02  1.4225234403540e-02  6.8715599334063e-04
  8.7109375000000e-01  1.7804994702198e-02  1.4418397634621e-02  3.3865970675770e-03
  8.7890625000000e-01  1.5569599418517e-02  1.4613737829944e-02  9.5586158857301e-04
  8.8671875000000e-01  1.5196826896617e-02  1.4811272479783e-02  3.8555441683326e-04
  8.9453125000000e-01  1.4522845004173e-02  1.5011019108839e-02  4.8817410466573e-04
  9.0234375000000e-01  1.4854094449056e-02  1.5212995274547e-02  3.5890082549088e-04
  9.1015625000000e-01  1.5046875848389e-02  1.5417218565363e-02  3.7034271697435e-04
  9.1796875000000e-01  1.5036015126538e-02  1.5623706599020e-02  5.8769147248222e-04
  9.2578125000000e-01  1.6024894082768e-02  1.5832477020755e-02  1.9241706201369e-04
  9.3359375000000e-01  1.5558706127679e-02  1.6043547501507e-02  4.8484137382799e-04
  9.4140625000000e-01  1.5756098713440e-02  1.6256935736095e-02  5.0083702265484e-04
  9.4921875000000e-01  1.6097207351895e-02  1.6472659441356e-02  3.7545208946120e-04
  9.5703125000000e-01  1.6298436985197e-02  1.6690736354263e-02  3.9229936906532e-04
  9.6484375000000e-01  1.6513551535345e-02  1.6911184230013e-02  3.9763269466843e-04
  9.7265625000000e-01  1.6985952593366e-02  1.7134020840089e-02  1.4806824672261e-04
  9.8046875000000e-01  1.7942804749092e-02  1.7359263970285e-02  5.8354077880684e-04
  9.8828125000000e-01  1.6736188337422e-02  1.7586931418717e-02  8.5074308129569e-04
  9.9609375000000e-01  2.2003251217523e-02  1.7817040993792e-02  4.1862102237306e-03
  1.0039062500000e+00  1.9236093081933e-02  1.8049610512158e-02  1.1864825697750e-03
  1.0117187500000e+00  1.8761070072955e-02  1.8284657796622e-02  4.7641227633330e-04
  1.0195312500000e+00  1.7924811361237e-02  1.8522200674041e-02  5.9738931280395e-04
  1.0273437500000e+00  1.8318752636028e-02  1.8762256973185e-02  4.4350433715688e-04
  1.0351562500000e+00  1.8548809110712e-02  1.9004844522569e-02  4.5603541185702e-04
  1.0429687500000e+00  1.8528413414561e-02  1.9249981148263e-02  7.2156773370129e-04
  1.0507812500000e+00  1.9731131489741e-02  1.9497684671666e-02  2.3344681807518e-04
  1.0585937500000e+00  1.9154777734382e-02  1.9747972907261e-02  5.9319517287869e-04
  1.0664062500000e+00  1.9385279102109e-02  2.0000863660335e-02  6.1558455822574e-04
  1.0742187500000e+00  1.9796668650471e-02  2.0256374724672e-02  4.5970607420126e-04
  1.0820312500000e+00  2.0031571038786e-02  2.0514523880223e-02  4.8295284143740e-04
  1.0898437500000e+00  2.0289830526313e-02  2.0775328890745e-02  4.8549836443229e-04
  1.0976562500000e+00  2.0853322805125e-02  2.1038807501409e-02  1.8548469628332e-04
  1.1054687500000e+00  2.2023088989246e-02  2.1304977436385e-02  7.1811155286082e-04
  1.1132812500000e+00  2.0528788386734e-02  2.1573856396404e-02  1.0450680096698e-03
  1.1210937500000e+00  2.6979812930794e-02  2.1845462056278e-02  5.1343508745165e-03
  1.1289062500000e+00  2.3581036548778e-02  2.2119812062408e-02  1.4612244863702e-03
  1.1367187500000e+00  2.2981086945925e-02  2.2396924030258e-02  5.8416291566759e-04
  1.1445312500000e+00  2.1951469312348e-02  2.2676815541801e-02  7.2534622945320e-04
  1.1523437500000e+00  2.2415785078100e-02  2.2959504142940e-02  5.4371906484073e-04
  1.1601562500000e+00  2.2687836935717e-02  2.3245007340905e-02  5.5717040518838e-04
  1.1679687500000e+00  2.2654284881966e-02  2.3533342601616e-02  8.7905771965007e-04
  1.1757812500000e+00  2.4105556962915e-02  2.3824527347028e-02  2.8102961588760e-04
  1.1835937500000e+00  2.3398426452784e-02  2.4118578952442e-02  7.2015249965773e-04
  1.1914062500000e+00  2.3664804883820e-02  2.4415514743799e-02  7.5070985997826e-04
  1.1992187500000e+00  2.4156838918243e-02  2.4715351994937e-02  5.5851307669395e-04
  1.2070312500000e+00  2.4428188794454e-02  2.5018107924833e-02  5.8991913037885e-04
  1.2148437500000e+00  2.4735650380100e-02  2.5323799694811e-02  5.8814931471133e-04
  1.2226562500000e+00  2.5401999315255e-02  2.5632444405730e-02  2.3044509047476e-04
  1.2304687500000e+00  2.6820903363546e-02  2.5944059095143e-02  8.7684426840276e-04
  1.2382812500000e+00  2.4984883570751e-02  2.6258660734437e-02  1.2737771636855e-03
  1.2460937500000e+00  3.2824495730591e-02  2.6576266225939e-02  6.2482295046512e-03
  1.2539062500000e+00  2.8682402628582e-02  2.6896892400009e-02  1.7855102285729e-03
  1.2617187500000e+00  2.7931339634791e-02  2.7220556012096e-02  7.1078362269475e-04
  1.2695312500000e+00  2.6673420888978e-02  2.7547273739783e-02  8.7385285080461e-04
  1.2773437500000e+00  2.7215751352274e-02  2.7877062179797e-02  6.6131082752304e-04
  1.2851562500000e+00  2.7534519719924e-02  2.8209937845005e-02  6.7541812508045e-04
  1.2929687500000e+00  2.7483316793274e-02  2.8545917161377e-02  1.0626003681026e-03
  1.3007812500000e+00  2.9220704215251e-02  2.8885016464936e-02  3.3568775031501e-04
  1.3085937500000e+00  2.8359731344100e-02  2.9227251998680e-02  8.6752065457906e-04
  1.3164062500000e+00  2.8664296448898e-02  2.9572639909478e-02  9.0834346058010e-04
  1.3242187500000e+00  2.9247888774069e-02  2.9921196244957e-02  6.7330747088733e-04
  1.3320312500000e+00  2.9557978586640e-02  3.0272936950349e-02  7.1495836370905e-04
  1.3398437500000e+00  2.9920939076529e-02  3.0627877865333e-02  7.0693878880480e-04
  1.3476562500000e+00  3.0702081743974e-02  3.0986034720849e-02  2.8395297687481e-04
  1.3554687500000e+00  3.2409760068071e-02  3.1347423135887e-02  1.0623369321835e-03
  1.3632812500000e+00  3.0171618427483e-02  3.1712058614265e-02  1.5404401867821e-03
  1.3710937500000e+00  3.9624539751084e-02  3.2079956541380e-02  7.5445832097044e-03
  1.3789062500000e+00  3.4615834249114e-02  3.2451132180941e-02  2.1647020681726e-03
  1.3867187500000e+00  3.3683807806267e-02  3.2825600671686e-02  8.5820713458100e-04
  1.3945312500000e+00  3.2158810450860e-02  3.3203377024074e-02  1.0445665732145e-03
  1.4023437500000e+00  3.2786495762808e-02  3.3584476116965e-02  7.9798035415770e-04
  1.4101562500000e+00  3.3156544167130e-02  3.3968912694277e-02  8.1236852714690e-04
  1.4179687500000e+00  3.3082216722996e-02  3.4356701361628e-02  1.2744846386319e-03
  1.4257812500000e+00  3.5145723353381e-02  3.4747856582957e-02  3.9786677042455e-04
  1.4335937500000e+00  3.4105429756165e-02  3.5142392677136e-02  1.0369629209716e-03
  1.4414062500000e+00  3.4449832991727e-02  3.5540323814559e-02  1.0904908228312e-03
  1.4492187500000e+00  3.5136248323052e-02  3.5941664013712e-02  8.0541569065950e-04
  1.4570312500000e+00  3.5486682516315e-02  3.6346427137738e-02  8.5974462142275e-04
  1.4648437500000e+00  3.5911543239997e-02  3.6754626890979e-02  8.4308365098193e-04
  1.4726562500000e+00  3.6819259772332e-02  3.7166276815504e-02  3.4701704317121e-04
  1.4804687500000e+00  3.8858448680396e-02  3.7581390287625e-02  1.2770583927706e-03
  1.4882812500000e+00  3.6151570233995e-02  3.7999980514402e-02  1.8484102804069e-03
  1.4960937500000e+00  4.7461059112468e-02  3.8422060530124e-02  9.0389985823437e-03
  1.5039062500000e+00  4.1451546476082e-02  3.8847643192792e-02  2.6039032832900e-03
  1.5117187500000e+00  4.0304986901370e-02  3.9276741180580e-02  1.0282457207904e-03
  1.5195312500000e+00  3.8470460310790e-02  3.9709366988285e-02  1.2389066774950e-03
  1.5273437500000e+00  3.9190242602853e-02  4.0145532923772e-02  9.5529032091814e-04
  1.5351562500000e+00  3.9615791570513e-02  4.0585251104399e-02  9.6945953388672e-04
  1.5429687500000e+00  3.9511793702415e-02  4.1028533453445e-02  1.5167397510302e-03
  1.5507812500000e+00  4.1943297203145e-02  4.1475391696512e-02  4.6790550663253e-04
  1.5585937500000e+00  4.0695924856814e-02  4.1925837357934e-02  1.2299125011201e-03
  1.5664062500000e+00  4.1080944149324e-02  4.2379881757164e-02  1.2989376078402e-03
  1.5742187500000e+00  4.1881546880892e-02  4.2837536005168e-02  9.5598912427650e-04
  1.5820312500000e+00  4.2273020827351e-02  4.3298811000795e-02  1.0257901734437e-03
  1.5898437500000e+00  4.2766122088639e-02  4.3763717427155e-02  9.9759533851564e-04
  1.5976562500000e+00  4.3811649308354e-02  4.4232265747980e-02  4.2061643962612e-04
  1.6054687500000e+00  4.6227702670412e-02  4.4704466203990e-02  1.5232364664214e-03
  1.6132812500000e+00  4.2979664725418e-02  4.5180328809244e-02  2.2006640838254e-03
  1.6210937500000e+00  5.6405004043371e-02  4.5659863347492e-02  1.0745140695879e-02
  1.6289062500000e+00  4.9250807590712e-02  4.6143079368526e-02  3.1077282221858e-03
  1.6367187500000e+00  4.7852491293860e-02  4.6629986184521e-02  1.2225051093385e-03
  1.6445312500000e+00  4.5662633225184e-02  4.7120592866381e-02  1.4579596411973e-03
  1.6523437500000e+00  4.6480325466171e-02  4.7614908240077e-02  1.1345827739064e-03
  1.6601562500000e+00  4.6965043689328e-02  4.8112940882989e-02  1.1478971936608e-03
  1.6679687500000e+00  4.6823684405820e-02  4.8614699120245e-02  1.7910147144246e-03
  1.6757812500000e+00  4.9666195885014e-02  4.9120191021061e-02  5.4600486395358e-04
  1.6835937500000e+00  4.8181945123362e-02  4.9629424395083e-02  1.4474792717211e-03
  1.6914062500000e+00  4.8607262158763e-02  5.0142406788728e-02  1.5351446299652e-03
  1.6992187500000e+00  4.9533214878162e-02  5.0659145481531e-02  1.1259306033695e-03
  1.7070312500000e+00  4.9965286296446e-02  5.1179647482492e-02  1.2143611860458e-03
  1.7148437500000e+00  5.0532713454590e-02  5.1703919526429e-02  1.1712060718392e-03
  1.7226562500000e+00  5.1726308562379e-02  5.2231968070334e-02  5.0565950795504e-04
  1.7304687500000e+00  5.4566532551517e-02  5.2763799289733e-02  1.8027332617832e-03
  1.7382812500000e+00  5.0699793896999e-02  5.3299419075060e-02  2.5996251780609e-03
  1.7460937500000e+00  6.6512741336337e-02  5.3838833028024e-02  1.2673908308313e-02
  1.7539062500000e+00  5.8062091800459e-02  5.4382046457994e-02  3.6800453424652e-03
  1.7617187500000e+00  5.6371353488537e-02  5.4929064378390e-02  1.4422891101472e-03
  1.7695312500000e+00  5.3777510890570e-02  5.5479891503083e-02  1.7023806125123e-03
  1.7773437500000e+00  5.4697642363174e-02  5.6034532242798e-02  1.3368898796240e-03
  1.7851562500000e+00  5.5244420695630e-02  5.6592990701539e-02  1.3485700059097e-03
  1.7929687500000e+00  5.5056820597757e-02  5.7155270673018e-02  2.0984500752604e-03
  1.8007812500000e+00  5.8353572274735e-02  5.7721375637093e-02  6.3219663764277e-04
  1.8085937500000e+00  5.6600956498595e-02  5.8291308756228e-02  1.6903522576329e-03
  1.8164062500000e+00  5.7064936443467e-02  5.8865072871959e-02  1.8001364284924e-03
  1.8242187500000e+00  5.8126852667199e-02  5.9442670501378e-02  1.3158178341793e-03
  1.8320312500000e+00  5.8597716675631e-02  6.0024103833628e-02  1.4263871579970e-03
  1.8398437500000e+00  5.9245081972545e-02  6.0609374726420e-02  1.3642927538742e-03
  1.8476562500000e+00  6.0595547988580e-02  6.1198484702559e-02  6.0293671397964e-04
  1.8554687500000e+00  6.3908346258381e-02  6.1791434946499e-02  2.1169113118822e-03
  1.8632812500000e+00  5.9341250437679e-02  6.2388226300900e-02  3.0469758632205e-03
  1.8710937500000e+00  7.7821402319242e-02  6.2988859263219e-02  1.4832543056024e-02
  1.8789062500000e+00  6.7917035971146e-02  6.3593333982314e-02  4.3237019888313e-03
  1.8867187500000e+00  6.5890148900363e-02  6.4201650255070e-02  1.6884986452929e-03
  1.8945312500000e+00  6.2841512579232e-02  6.4813807523042e-02  1.9722949438105e-03
  1.9023437500000e+00  6.3866964091487e-02  6.5429804869132e-02  1.5628407776445e-03
  1.9101562500000e+00  6.4477680367830e-02  6.6049641014274e-02  1.5719606464444e-03
  1.9179687500000e+00  6.4233766632820e-02  6.6673314314158e-02  2.4395476813376e-03
  1.9257812500000e+00  6.8027137298876e-02  6.7300822755965e-02  7.2631454291060e-04
  1.9335937500000e+00  6.5973461974632e-02  6.7932163955140e-02  1.9587019805081e-03
  1.9414062500000e+00  6.6472947699750e-02  6.8567335152180e-02  2.0943874524301e-03
  1.9492187500000e+00  6.7680507285253e-02  6.9206333209461e-02  1.5258259242085e-03
  1.9570312500000e+00  6.8186786830856e-02  6.9849154608084e-02  1.6623677772274e-03
  1.9648437500000e+00  6.8918992529719e-02  7.0495795444753e-02  1.5768029150337e-03
  1.9726562500000e+00  7.0433182076355e-02  7.1146251428684e-02  7.1306935232965e-04
  1.9804687500000e+00  7.4267013889638e-02  7.1800517878547e-02  2.4664960110904e-03
  1.9882812500000e+00  6.8915123225339e-02  7.2458589719431e-02  3.5434664940927e-03
  1.9960937500000e+00  9.0344192023474e-02  7.3120461479851e-02  1.7223730543623e-02
  2.0039062500000e+00  7.8826367831650e-02  7.3786127288782e-02  5.0402405428681e-03
  2.0117187500000e+00  7.6417110090063e-02  7.4455580872731e-02  1.9615292173324e-03
  2.0195312500000e+00  7.2861610118962e-02  7.5128815552843e-02  2.2672054338803e-03
  2.0273437500000e+00  7.3993255708314e-02  7.5805824242038e-02  1.8125685337245e-03
  2.0351562500000e+00  7.4668540533080e-02  7.6486599442196e-02  1.8180589091163e-03
  2.0429687500000e+00  7.4357088681489e-02  7.7171133241365e-02  2.8140445598753e-03
  2.0507812500000e+00  7.8687385633179e-02  7.7859417311018e-02  8.2796832216164e-04
  2.0585937500000e+00  7.6299354949979e-02  7.8551442903348e-02  2.2520879533687e-03
  2.0664062500000e+00  7.6829489483005e-02  7.9247200848597e-02  2.4177113655918e-03
  2.0742187500000e+00  7.8191027590226e-02  7.9946681552433e-02  1.7556539622079e-03
  2.0820312500000e+00  7.8727594051173e-02  8.0649874993366e-02  1.9222809421937e-03
  2.0898437500000e+00  7.9548584812408e-02  8.1356770720203e-02  1.8081859077955e-03
  2.0976562500000e+00  8.1230901896064e-02  8.2067357849553e-02  8.3645595348888e-04
  2.1054687500000e+00  8.5633065262245e-02  8.2781625063372e-02  2.8514401988729e-03
  2.1132812500000e+00  7.9410830249376e-02  8.3499560606555e-02  4.0887303571785e-03
  2.1210937500000e+00  1.0406588812622e-01  8.4221152284571e-02  1.9844735841651e-02
  2.1289062500000e+00  9.0776005899002e-02  8.4946387461151e-02  5.8296184378508e-03
  2.1367187500000e+00  8.7936424325574e-02  8.5675253056017e-02  2.2611712695575e-03
  2.1445312500000e+00  8.3821824970818e-02  8.6407735542661e-02  2.5859105718429e-03
  2.1523437500000e+00  8.5058198724110e-02  8.7143820946177e-02  2.0856222220677e-03
  2.1601562500000e+00  8.5797214060246e-02  8.7883494841142e-02  2.0862807808957e-03
  2.1679687500000e+00  8.5405944791069e-02  8.8626742349539e-02  3.2207975584709e-03
  2.1757812500000e+00  9.0310071617352e-02  8.9373548138751e-02  9.3652347860068e-04
  2.1835937500000e+00  8.7554519713932e-02  9.0123896419585e-02  2.5693767056538e-03
  2.1914062500000e+00  8.8108611121861e-02  9.0877770944366e-02  2.7691598225053e-03
  2.1992187500000e+00  8.9630695886987e-02  9.1635155005079e-02  2.0044591180916e-03
  2.2070312500000e+00  9.0190533623082e-02  9.2396031431564e-02  2.2054978084822e-03
  2.2148437500000e+00  9.1103048815253e-02  9.3160382589771e-02  2.0573337745174e-03
  2.2226562500000e+00  9.2954972244938e-02  9.3928190380069e-02  9.7321813513124e-04
  2.2304687500000e+00  9.7970234639297e-02  9.4699436235615e-02  3.2707984036822e-03
  2.2382812500000e+00  9.0792987453279e-02  9.5474101120776e-02  4.6811136674972e-03
  2.2460937500000e+00  1.1893878905206e-01  9.6252165529614e-02  2.2686623522445e-02
  2.2539062500000e+00  1.0372355825983e-01  9.7033609484431e-02  6.6899487753953e-03
  2.2617187500000e+00  1.0040493151012e-01  9.7818412534371e-02  2.5865189757483e-03
  2.2695312500000e+00  9.5680114364890e-02  9.8606553754087e-02  2.9264393891963e-03
  2.2773437500000e+00  9.7017122331691e-02  9.9398011742465e-02  2.3808894107739e-03
  2.2851562500000e+00  9.7817366051850e-02  1.0019276462142e-01  2.3753985695684e-03
  2.2929687500000e+00  9.7333103472224e-02  1.0099079003474e-01  3.6576865625127e-03
  2.3007812500000e+00  1.0284315310152e-01  1.0179206514700e-01  1.0510879545122e-03
  2.3085937500000e+00  9.9687891546824e-02  1.0259656664258e-01  2.9086750957573e-03
  2.3164062500000e+00  1.0025733357639e-01  1.0340427072465e-01  3.1469371482596e-03
  2.3242187500000e+00  1.0194435003515e-01  1.0421515311434e-01  2.2708030791930e-03
  2.3320312500000e+00  1.0251848005034e-01  1.0502918904988e-01  2.5107089995362e-03
  2.3398437500000e+00  1.0352381634998e-01  1.0584635328587e-01  2.3225369358891e-03
  2.3476562500000e+00  1.0554347102059e-01  1.0666662009261e-01  1.1231490720205e-03
  2.3554687500000e+00  1.1121258162389e-01  1.0748996325544e-01  3.7226183684545e-03
  2.3632812500000e+00  1.0299882229619e-01  1.0831635607422e-01  5.3175337780377e-03
  2.3710937500000e+00  1.3487938621785e-01  1.0914577136289e-01  2.5733614854958e-02
  2.3789062500000e+00  1.1759545706181e-01  1.0997818144898e-01  7.6172756128205e-03
  2.3867187500000e+00  1.1374945221962e-01  1.1081355817337e-01  2.9358940462510e-03
  2.3945312500000e+00  1.0836586398420e-01  1.1165187288996e-01  3.2860089057532e-03
  2.4023437500000e+00  1.0979656124293e-01  1.1249309646550e-01  2.6965352225724e-03
  2.4101562500000e+00  1.1065371185843e-01  1.1333719927952e-01  2.6834874210858e-03
  2.4179687500000e+00  1.1006260708476e-01  1.1418415122419e-01  4.1215441394323e-03
  2.4257812500000e+00  1.1620442992693e-01  1.1503392170447e-01  1.1705082224601e-03
  2.4335937500000e+00  1.1261919295491e-01  1.1588647963812e-01  3.2672866832131e-03
  2.4414062500000e+00  1.1319345586580e-01  1.1674179345594e-01  3.5483375901450e-03
  2.4492187500000e+00  1.1504721571261e-01  1.1759983110200e-01  2.5526153893906e-03
  2.4570312500000e+00  1.1562469215784e-01  1.1846056003399e-01  2.8358678761592e-03
  2.4648437500000e+00  1.1672248847131e-01  1.1932394722363e-01  2.6014587523259e-03
  2.4726562500000e+00  1.1890429096596e-01  1.2018995915716e-01  1.2856681911973e-03
  2.4804687500000e+00  1.2526242013885e-01  1.2105856183588e-01  4.2038583029753e-03
  2.4882812500000e+00  1.1593634548487e-01  1.2192972077685e-01  5.9933752919791e-03
  2.4960937500000e+00  1.5176603619808e-01  1.2280340101357e-01  2.8962635184503e-02
  2.5039062500000e+00  1.3228496911505e-01  1.2367956709682e-01  8.6054020182307e-03
  2.5117187500000e+00  1.2786497298412e-01  1.2455818309548e-01  3.3067898886332e-03
  2.5195312500000e+00  1.2177820286061e-01  1.2543921259758e-01  3.6610097369760e-03
  2.5273437500000e+00  1.2329265761871e-01  1.2632261871128e-01  3.0299610925689e-03
  2.5351562500000e+00  1.2420047109645e-01  1.2720836406602e-01  3.0078929695610e-03
  2.5429687500000e+00  1.2348829201071e-01  1.2809641081371e-01  4.6081188029972e-03
  2.5507812500000e+00  1.3028009532771e-01  1.2898672063005e-01  1.2933746976585e-03
  2.5585937500000e+00  1.2623756064480e-01  1.2987925471588e-01  3.6416940710784e-03
  2.5664062500000e+00  1.2680426298210e-01  1.3077397379860e-01  3.9697108165041e-03
  2.5742187500000e+00  1.2882366047520e-01  1.3167083813379e-01  2.8471776585916e-03
  2.5820312500000e+00  1.2939164958348e-01  1.3256980750673e-01  3.1781579232454e-03
  2.5898437500000e+00  1.3057970971932e-01  1.3347084123416e-01  2.8911315148439e-03
  2.5976562500000e+00  1.3291411406699e-01  1.3437389816606e-01  1.4597840990672e-03
  2.6054687500000e+00  1.3998927452825e-01  1.3527893668749e-01  4.7103378407669e-03
  2.6132812500000e+00  1.2948347921347e-01  1.3618591472056e-01  6.7024355070897e-03
  2.6210937500000e+00  1.6943788992408e-01  1.3709478972649e-01  3.2343100197592e-02
  2.6289062500000e+00  1.4765130537744e-01  1.3800551870766e-01  9.6457866697766e-03
  2.6367187500000e+00  1.4261389932523e-01  1.3891805820990e-01  3.6958411153214e-03
  2.6445312500000e+00  1.3578534034946e-01  1.3983236432472e-01  4.0470239752566e-03
  2.6523437500000e+00  1.3737060063818e-01  1.4074839269169e-01  3.3777920535090e-03
  2.6601562500000e+00  1.3832087394648e-01  1.4166609850093e-01  3.3452245544509e-03
  2.6679687500000e+00  1.3747335881008e-01  1.4258543649561e-01  5.1120776855283e-03
  2.6757812500000e+00  1.4492440061473e-01  1.4350636097462e-01  1.4180396401095e-03
  2.6835937500000e+00  1.4040125244528e-01  1.4442882579525e-01  4.0275733499650e-03
  2.6914062500000e+00  1.4094632043565e-01  1.4535278437601e-01  4.4064639403608e-03
  2.6992187500000e+00  1.4312705700625e-01  1.4627818969951e-01  3.1511326932607e-03
  2.7070312500000e+00  1.4367100883625e-01  1.4720499431542e-01  3.5339854791687e-03
  2.7148437500000e+00  1.4494517088592e-01  1.4813315034352e-01  3.1879794576016e-03
  2.7226562500000e+00  1.4741853912461e-01  1.4906260947687e-01  1.6440703522621e-03
  2.7304687500000e+00  1.5523005210236e-01  1.4999332298500e-01  5.2367291173631e-03
  2.7382812500000e+00  1.4348831392420e-01  1.5092524171724e-01  7.4369277930353e-03
  2.7460937500000e+00  1.8769530141244e-01  1.5185831610610e-01  3.5836985306344e-02
  2.7539062500000e+00  1.6352002069654e-01  1.5279249617076e-01  1.0727524525779e-02
  2.7617187500000e+00  1.5782655748752e-01  1.5372773152065e-01  4.0988259668683e-03
  2.7695312500000e+00  1.5022509364577e-01  1.5466397135907e-01  4.4388777132972e-03
  2.7773437500000e+00  1.5186527115095e-01  1.5560116448691e-01  3.7358933359631e-03
  2.7851562500000e+00  1.5284788017321e-01  1.5653925930654e-01  3.6913791333285e-03
  2.7929687500000e+00  1.5185114949392e-01  1.5747820382563e-01  5.6270543317135e-03
  2.8007812500000e+00  1.5996059073060e-01  1.5841794566120e-01  1.5426450694034e-03
  2.8085937500000e+00  1.5493858904555e-01  1.5935843204363e-01  4.4198429980775e-03
  2.8164062500000e+00  1.5544650973351e-01  1.6029960982088e-01  4.8531000873697e-03
  2.8242187500000e+00  1.5778090509298e-01  1.6124142546267e-01  3.4605203696958e-03
  2.8320312500000e+00  1.5828481972516e-01  1.6218382506484e-01  3.8990053396844e-03
  2.8398437500000e+00  1.5963888543254e-01  1.6312675435372e-01  3.4878689211786e-03
  2.8476562500000e+00  1.6223350212280e-01  1.6407015869063e-01  1.8366565678296e-03
  2.8554687500000e+00  1.7079057765921e-01  1.6501398307646e-01  5.7765945827465e-03
  2.8632812500000e+00  1.5777062020906e-01  1.6595817215631e-01  8.1875519472450e-03
  2.8710937500000e+00  2.0630187887650e-01  1.6690267022418e-01  3.9399208652316e-02
  2.8789062500000e+00  1.7968484252560e-01  1.6784742122787e-01  1.1837421297733e-02
  2.8867187500000e+00  1.7330307140664e-01  1.6879236877376e-01  4.5107026328831e-03
  2.8945312500000e+00  1.6490672495291e-01  1.6973745613188e-01  4.8307311789703e-03
  2.9023437500000e+00  1.6658320574396e-01  1.7068262624090e-01  4.0994204969392e-03
  2.9101562500000e+00  1.6758622656568e-01  1.7162782171329e-01  4.0415951476117e-03
  2.9179687500000e+00  1.6642724046148e-01  1.7257298484050e-01  6.1457443790190e-03
  2.9257812500000e+00  1.7518322067876e-01  1.7351805759827e-01  1.6651630804823e-03
  2.9335937500000e+00  1.6965023250845e-01  1.7446298165200e-01  4.8127491435437e-03
  2.9414062500000e+00  1.7010439779742e-01  1.7540769836215e-01  5.3033005647304e-03
  2.9492187500000e+00  1.7258130667228e-01  1.7635214878980e-01  3.7708421175219e-03
  2.9570312500000e+00  1.7302809477228e-01  1.7729627370223e-01  4.2681789299570e-03
  2.9648437500000e+00  1.7445382796950e-01  1.7824001357858e-01  3.7861856090811e-03
  2.9726562500000e+00  1.7714807262357e-01  1.7918330861560e-01  2.0352359920305e-03
  2.9804687500000e+00  1.8644857270585e-01  1.8012609873345e-01  6.3224739724002e-03
  2.9882812500000e+00  1.7212469020805e-01  1.8106832358162e-01  8.9436333735630e-03
  2.9960937500000e+00  2.2498826811263e-01  1.8200992254486e-01  4.2978345567772e-02
  3.0039062500000e+00  1.9591100669284e-01  1.8295083474925e-01  1.2960171943599e-02
  3.0117187500000e+00  1.8881668230116e-01  1.8389099906825e-01  4.9256832329070e-03
  3.0195312500000e+00  1.7961414970820e-01  1.8483035412895e-01  5.2162044207492e-03
  3.0273437500000e+00  1.8130593314581e-01  1.8576883831823e-01  4.4629051724155e-03
  3.0351562500000e+00  1.8231584785180e-01  1.8670638978915e-01  4.3905419373474e-03
  3.0429687500000e+00  1.8098289704435e-01  1.8764294646728e-01  6.6600494229397e-03
  3.0507812500000e+00  1.9036189308402e-01  1.8857844605718e-01  1.7834470268390e-03
  3.0585937500000e+00  1.8431283940151e-01  1.8951282604888e-01  5.1999866473717e-03
  3.0664062500000e+00  1.8469597580333e-01  1.9044602372450e-01  5.7500479211698e-03
  3.0742187500000e+00  1.8730082124750e-01  1.9137797616486e-01  4.0771549173605e-03
  3.0820312500000e+00  1.8767275183507e-01  1.9230862025622e-01  4.6358684211454e-03
  3.0898437500000e+00  1.8915995171914e-01  1.9323789269701e-01  4.0779409778740e-03
  3.0976562500000e+00  1.9192863581944e-01  1.9416573000472e-01  2.2370941852751e-03
  3.1054687500000e+00  2.0195809173279e-01  1.9509206852272e-01  6.8660232100743e-03
  3.1132812500000e+00  1.8632351094480e-01  1.9601684442729e-01  9.6933334824947e-03
  3.1210937500000e+00  2.4345767026023e-01  1.9693999373458e-01  4.6517676525650e-02
  3.1289062500000e+00  2.1194009622158e-01  1.9786145230768e-01  1.4078643913893e-02
  3.1367187500000e+00  2.0411850217156e-01  1.9878115586379e-01  5.3373463077644e-03
  3.1445312500000e+00  1.9411050252531e-01  1.9969903998136e-01  5.5885374560575e-03
  3.1523437500000e+00  1.9579466590708e-01  2.0061504010734e-01  4.8203742002577e-03
  3.1601562500000e+00  1.9679665380344e-01  2.0152909156447e-01  4.7324377610361e-03
  3.1679687500000e+00  1.9527986324957e-01  2.0244112955864e-01  7.1612663090739e-03
  3.1757812500000e+00  2.0524638032157e-01  2.0335108918625e-01  1.8952911353193e-03
  3.1835937500000e+00  1.9868405244344e-01  2.0425890544169e-01  5.5748529982540e-03
  3.1914062500000e+00  1.9897872311393e-01  2.0516451322482e-01  6.1857901108902e-03
  3.1992187500000e+00  2.0169365734421e-01  2.0606784734850e-01  4.3741900042918e-03
  3.2070312500000e+00  2.0197287888081e-01  2.0696884254621e-01  4.9959636653956e-03
  3.2148437500000e+00  2.0350953202036e-01  2.0786743347964e-01  4.3579014592894e-03
  3.2226562500000e+00  2.0632439794724e-01  2.0876355474643e-01  2.4391567991939e-03
  3.2304687500000e+00  2.1705534434579e-01  2.0965714088783e-01  7.3982034579573e-03
  3.2382812500000e+00  2.0012419820232e-01  2.1054812639650e-01  1.0423928194178e-02
  3.2460937500000e+00  2.6139299363874e-01  2.1143644572431e-01  4.9956547914425e-02
  3.2539062500000e+00  2.2749629622729e-01  2.1232203329019e-01  1.5174262937097e-02
  3.2617187500000e+00  2.1894360900991e-01  2.1320482348799e-01  5.7387855219138e-03
  3.2695312500000e+00  2.0814397306878e-01  2.1408475069444e-01  5.9407776256567e-03
  3.2773437500000e+00  2.0979624786246e-01  2.1496174927706e-01  5.1655014145985e-03
  3.2851562500000e+00  2.1077455405734e-01  2.1583575360218e-01  5.0611995448367e-03
  3.2929687500000e+00  2.0906637986364e-01  2.1670669804295e-01  7.6403181793125e-03
  3.3007812500000e+00  2.1957301360995e-01  2.1757451698742e-01  1.9984966225300e-03
  3.3085937500000e+00  2.1250871101943e-01  2.1843914484659e-01  5.9304338271640e-03
  3.3164062500000e+00  2.1269787588537e-01  2.1930051606255e-01  6.6026401771817e-03
  3.3242187500000e+00  2.1550206807317e-01  2.2015856511659e-01  4.6564970434225e-03
  3.3320312500000e+00  2.1567118746705e-01  2.2101322653741e-01  5.3420390703645e-03
  3.3398437500000e+00  2.1724369544629e-01  2.2186443490930e-01  4.6207394630103e-03
  3.3476562500000e+00  2.2007406749177e-01  2.2271212488033e-01  2.6380573885526e-03
  3.3554687500000e+00  2.3146574439720e-01  2.2355623117061e-01  7.9095132265918e-03
  3.3632812500000e+00  2.1327454156243e-01  2.2439668858057e-01  1.1122147018142e-02
  3.3710937500000e+00  2.7846544308422e-01  2.2523343199918e-01  5.3232011085034e-02
  3.3789062500000e+00  2.4229388884856e-01  2.2606639641232e-01  1.6227492436245e-02
  3.3867187500000e+00  2.3301830762960e-01  2.2689551691102e-01  6.1227907185830e-03
  3.3945312500000e+00  2.2145473737340e-01  2.2772072869983e-01  6.2659913264275e-03
  3.4023437500000e+00  2.2305018302403e-01  2.2854196710516e-01  5.4917840811298e-03
  3.4101562500000e+00  2.2398855191191e-01  2.2935916758361e-01  5.3706156717032e-03
  3.4179687500000e+00  2.2208424596890e-01  2.3017226573036e-01  8.0880197614596e-03
  3.4257812500000e+00  2.3307214051882e-01  2.3098119728750e-01  2.0909432313175e-03
  3.4335937500000e+00  2.2552609066121e-01  2.3178589815247e-01  6.2598074912622e-03
  3.4414062500000e+00  2.2559369854015e-01  2.3258630438638e-01  6.9926058462273e-03
  3.4492187500000e+00  2.2846374724179e-01  2.3338235222243e-01  4.9186049806347e-03
  3.4570312500000e+00  2.2850643970433e-01  2.3417397807431e-01  5.6675383699760e-03
  3.4648437500000e+00  2.3009992093103e-01  2.3496111854459e-01  4.8611976135599e-03
  3.4726562500000e+00  2.3291348571834e-01  2.3574371043307e-01  2.8302247147387e-03
  3.4804687500000e+00  2.4491195145777e-01  2.3652169074526e-01  8.3902607125117e-03
  3.4882812500000e+00  2.2552043712157e-01  2.3729499670065e-01  1.1774559579079e-02
  3.4960937500000e+00  2.9434424632428e-01  2.3806356574120e-01  5.6280680583076e-02
  3.5039062500000e+00  2.5604572543892e-01  2.3882733553966e-01  1.7218389899252e-02
  3.5117187500000e+00  2.4606829962866e-01  2.3958624400795e-01  6.4820556207113e-03
  3.5195312500000e+00  2.3378274317378e-01  2.4034022930550e-01  6.5574861317144e-03
  3.5273437500000e+00  2.3529648564452e-01  2.4108922984763e-01  5.7927442031112e-03
  3.5351562500000e+00  2.3617864741748e-01  2.4183318431387e-01  5.6545368963921e-03
  3.5429687500000e+00  2.3407666926340e-01  2.4257203165628e-01  8.4953623928773e-03
  3.5507812500000e+00  2.4547637207808e-01  2.4330571110775e-01  2.1706609703286e-03
  3.5585937500000e+00  2.3747789558650e-01  2.4403416219029e-01  6.5562666037909e-03
  3.5664062500000e+00  2.3740948444975e-01  2.4475732472331e-01  7.3478402735591e-03
  3.5742187500000e+00  2.4031994326867e-01  2.4547513883183e-01  5.1551955631609e-03
  3.5820312500000e+00  2.4022156933163e-01  2.4618754495476e-01  5.9659756231305e-03
  3.5898437500000e+00  2.4182022093500e-01  2.4689448385306e-01  5.0742629180570e-03
  3.5976562500000e+00  2.4458391313722e-01  2.4759589661793e-01  3.0119834807144e-03
  3.6054687500000e+00  2.5712258704066e-01  2.4829172467897e-01  8.8308623616853e-03
  3.6132812500000e+00  2.3661391189279e-01  2.4898190981227e-01  1.2367997919484e-02
  3.6210937500000e+00  3.0870713344209e-01  2.4966639414854e-01  5.9040739293551e-02
  3.6289062500000e+00  2.6847234304645e-01  2.5034512018113e-01  1.8127222865316e-02
  3.6367187500000e+00  2.5782743552645e-01  2.5101803077411e-01  6.8094047523443e-03
  3.6445312500000e+00  2.4487602966267e-01  2.5168506917019e-01  6.8090395075224e-03
  3.6523437500000e+00  2.4628404094868e-01  2.5234617899875e-01  6.0621380500718e-03
  3.6601562500000e+00  2.4709422670218e-01  2.5300130428369e-01  5.9070775815062e-03
  3.6679687500000e+00  2.4479657393761e-01  2.5365038945135e-01  8.8538155137456e-03
  3.6757812500000e+00  2.5652927826738e-01  2.5429337933836e-01  2.2358989290219e-03
  3.6835937500000e+00  2.4811667707611e-01  2.5493021919938e-01  6.8135421232711e-03
  3.6914062500000e+00  2.4789995497340e-01  2.5556085471489e-01  7.6608997414908e-03
  3.6992187500000e+00  2.5082394986800e-01  2.5618523199891e-01  5.3612821309041e-03
  3.7070312500000e+00  2.5057215025249e-01  2.5680329760660e-01  6.2311473541086e-03
  3.7148437500000e+00  2.5215966062669e-01  2.5741499854194e-01  5.2553379152459e-03
  3.7226562500000e+00  2.5484061171530e-01  2.5802028226523e-01  3.1796705499382e-03
  3.7304687500000e+00  2.6784125321269e-01  2.5861909670065e-01  9.2221565120351e-03
  3.7382812500000e+00  2.4632139669757e-01  2.5921139024366e-01  1.2889993546096e-02
  3.7460937500000e+00  3.2125111472302e-01  2.5979711176845e-01  6.1454002954572e-02
  3.7539062500000e+00  2.7931132301402e-01  2.6037621063525e-01  1.8935112378774e-02
  3.7617187500000e+00  2.6804666535317e-01  2.6094863669764e-01  7.0980286555344e-03
  3.7695312500000e+00  2.5449922329481e-01  2.6151434030976e-01  7.0151170149503e-03
  3.7773437500000e+00  2.5577910219702e-01  2.6207327233348e-01  6.2941701364665e-03
  3.7851562500000e+00  2.5650256806423e-01  2.6262538414554e-01  6.1228160813070e-03
  3.7929687500000e+00  2.5401500865019e-01  2.6317062764452e-01  9.1556189943242e-03
  3.8007812500000e+00  2.6599414561671e-01  2.6370895525788e-01  2.2851903588279e-03
  3.8085937500000e+00  2.5721429522707e-01  2.6424031994887e-01  7.0260247218002e-03
  3.8164062500000e+00  2.5683967004553e-01  2.6476467522331e-01  7.9250051777882e-03
  3.8242187500000e+00  2.5974959361714e-01  2.6528197513646e-01  5.5323815193203e-03
  3.8320312500000e+00  2.5933482724217e-01  2.6579217429962e-01  6.4573470574478e-03
  3.8398437500000e+00  2.6089482115075e-01  2.6629522788686e-01  5.4004067361060e-03
  3.8476562500000e+00  2.6346133684839e-01  2.6679109164150e-01  3.3297547931034e-03
  3.8554687500000e+00  2.7683544060964e-01  2.6727972188265e-01  9.5557187269913e-03
  3.8632812500000e+00  2.5443186393318e-01  2.6776107551160e-01  1.3329211578413e-02
  3.8710937500000e+00  3.3170306116231e-01  2.6823511001813e-01  6.3467951144174e-02
  3.8789062500000e+00  2.8832646593664e-01  2.6870178348681e-01  1.9624682449832e-02
  3.8867187500000e+00  2.7650277266227e-01  2.6916105460312e-01  7.3417180591418e-03
  3.8945312500000e+00  2.6244180600308e-01  2.6961288265960e-01  7.1710766565262e-03
  3.9023437500000e+00  2.6357352756261e-01  2.7005722756182e-01  6.4836999992107e-03
  3.9101562500000e+00  2.6419706124359e-01  2.7049404983430e-01  6.2969885907052e-03
  3.9179687500000e+00  2.6152924603170e-01  2.7092331062639e-01  9.3940645946887e-03
  3.9257812500000e+00  2.7366237787361e-01  2.7134497171802e-01  2.3174061555828e-03
  3.9335937500000e+00  2.6457002938307e-01  2.7175899552535e-01  7.1889661422779e-03
  3.9414062500000e+00  2.6403106417540e-01  2.7216534510633e-01  8.1342809309309e-03
  3.9492187500000e+00  2.6689930581723e-01  2.7256398416628e-01  5.6646783490453e-03
  3.9570312500000e+00  2.6631530959315e-01  2.7295487706318e-01  6.6395674700304e-03
  3.9648437500000e+00  2.6783180705854e-01  2.7333798881307e-01  5.5061817545327e-03
  3.9726562500000e+00  2.7025432494338e-01  2.7371328509521e-01  3.4589601518268e-03
  3.9804687500000e+00  2.8390489404494e-01  2.7408073225723e-01  9.8241617877059e-03
  3.9882812500000e+00  2.6076443974112e-01  2.7444029732017e-01  1.3675857579048e-02
  3.9960937500000e+00  3.3982957180984e-01  2.7479194798336e-01  6.5037623826484e-02
  4.0039062500000e+00  2.9531633195237e-01  2.7513565262932e-01  2.0180679323051e-02
  4.0117187500000e+00  2.8300646625114e-01  2.7547138032845e-01  7.5350859226948e-03
  4.0195312500000e+00  2.6852576042391e-01  2.7579910084370e-01  7.2733404197924e-03
  4.0273437500000e+00  2.6949235317885e-01  2.7611878463509e-01  6.6264314562464e-03
  4.0351562500000e+00  2.7000473885146e-01  2.7643040286415e-01  6.4256640126898e-03
  4.0429687500000e+00  2.6717018638706e-01  2.7673392739824e-01  9.5637410111836e-03
  4.0507812500000e+00  2.7936112979470e-01  2.7702933081483e-01  2.3317989798712e-03
  4.0585937500000e+00  2.7001793100734e-01  2.7731658640558e-01  7.2986553982439e-03
  4.0664062500000e+00  2.6931169136797e-01  2.7759566818039e-01  8.2839768124172e-03
  4.0742187500000e+00  2.7211138628197e-01  2.7786655087130e-01  5.7551645893292e-03
  4.0820312500000e+00  2.7135552523516e-01  2.7812920993633e-01  6.7736847011711e-03
  4.0898437500000e+00  2.7281339326226e-01  2.7838362156315e-01  5.5702283008908e-03
  4.0976562500000e+00  2.7506537817888e-01  2.7862976267273e-01  3.5643844938483e-03
  4.1054687500000e+00  2.8888901855780e-01  2.7886761092275e-01  1.0021407635050e-02
  4.1132812500000e+00  2.6517510271008e-01  2.7909714471108e-01  1.3922042000997e-02
  4.1210937500000e+00  3.4544563009081e-01  2.7931834317895e-01  6.6127286911858e-02
  4.1289062500000e+00  3.0012171794573e-01  2.7953118621420e-01  2.0590531731537e-02
  4.1367187500000e+00  2.8740941892293e-01  2.7973565445423e-01  7.6737644686983e-03
  4.1445312500000e+00  2.7261219697567e-01  2.7993172928904e-01  7.3195323133761e-03
  4.1523437500000e+00  2.7340031866016e-01  2.8011939286398e-01  6.7190742038180e-03
  4.1601562500000e+00  2.7379273674165e-01  2.8029862808247e-01  6.5058913408190e-03
  4.1679687500000e+00  2.7080867843726e-01  2.8046941860863e-01  9.6607401713770e-03
  4.1757812500000e+00  2.8295977997050e-01  2.8063174886974e-01  2.3280311007609e-03
  4.1835937500000e+00  2.7343304348464e-01  2.8078560405857e-01  7.3525605739373e-03
  4.1914062500000e+00  2.7256032585832e-01  2.8093097013572e-01  8.3706442773962e-03
  4.1992187500000e+00  2.7526607986338e-01  2.8106783383165e-01  5.8017539682704e-03
  4.2070312500000e+00  2.7433956923109e-01  2.8119618264879e-01  6.8566134177075e-03
  4.2148437500000e+00  2.7572494745045e-01  2.8131600486339e-01  5.5910574129374e-03
  4.2226562500000e+00  2.7778368128008e-01  2.8142728952730e-01  3.6436082472196e-03
  4.2304687500000e+00  2.9167294228603e-01  2.8153002646968e-01  1.0142915816357e-02
  4.2382812500000e+00  2.6756212954628e-01  2.8162420629850e-01  1.4062076752225e-02
  4.2460937500000e+00  3.4842160669187e-01  2.8170982040203e-01  6.6711786289838e-02
  4.2539062500000e+00  3.0263168415671e-01  2.8178686095008e-01  2.0844823206630e-02
  4.2617187500000e+00  2.8960989042382e-01  2.8185532089525e-01  7.7545695285735e-03
  4.2695312500000e+00  2.7460662486735e-01  2.8191519397397e-01  7.3085691066246e-03
  4.2773437500000e+00  2.7520700499787e-01  2.8196647470750e-01  6.7594697096345e-03
  4.2851562500000e+00  2.7547334749954e-01  2.8200915840271e-01  6.5358109031720e-03
  4.2929687500000e+00  2.7236043574981e-01  2.8204324115283e-01  9.6828054030237e-03
  4.3007812500000e+00  2.8437490835809e-01  2.8206871983803e-01  2.3061885200580e-03
  4.3085937500000e+00  2.7473616719738e-01  2.8208559212592e-01  7.3494249285406e-03
  4.3164062500000e+00  2.7370158827505e-01  2.8209385647188e-01  8.3922681968338e-03
  4.3242187500000e+00  2.7629015066130e-01  2.8209351211930e-01  5.8033614579943e-03
  4.3320312500000e+00  2.7519813334603e-01  2.8208455909970e-01  6.8864257536700e-03
  4.3398437500000e+00  2.7649881538276e-01  2.8206699823275e-01  5.5681828499922e-03
  4.3476562500000e+00  2.7834604472466e-01  2.8204083112608e-01  3.6947864014246e-03
  4.3554687500000e+00  2.9219191834464e-01  2.8200606017512e-01  1.0185858169520e-02
  4.3632812500000e+00  2.6786999347574e-01  2.8196268856265e-01  1.4092695086917e-02
  4.3710937500000e+00  3.4868823200623e-01  2.8191072025839e-01  6.6777511747840e-02
  4.3789062500000e+00  3.0278781160921e-01  2.8185016001833e-01  2.0937651590881e-02
  4.3867187500000e+00  2.8955663487779e-01  2.8178101338404e-01  7.7756214937542e-03
  4.3945312500000e+00  2.7446258394535e-01  2.8170328668183e-01  7.2407027364787e-03
  4.4023437500000e+00  2.7487031107599e-01  2.8161698702177e-01  6.7466759457739e-03
  4.4101562500000e+00  2.7500739475456e-01  2.8152212229660e-01  6.5147275420390e-03
  4.4179687500000e+00  2.7178928202864e-01  2.8141870118054e-01  9.6294191519025e-03
  4.4257812500000e+00  2.8357350943563e-01  2.8130673312798e-01  2.2667763076462e-03
  4.4335937500000e+00  2.7389691241816e-01  2.8118622837201e-01  7.2893159538521e-03
  4.4414062500000e+00  2.7270885101451e-01  2.8105719792287e-01  8.3483469083609e-03
  4.4492187500000e+00  2.7515970761035e-01  2.8091965356628e-01  5.7599459559343e-03
  4.4570312500000e+00  2.7391118329912e-01  2.8077360786167e-01  6.8624245625585e-03
  4.4648437500000e+00  2.7511693269047e-01  2.8061907414022e-01  5.5021414497485e-03
  4.4726562500000e+00  2.7673934683396e-01  2.8045606650285e-01  3.7167196688884e-03
  4.4804687500000e+00  2.9043382677261e-01  2.8028459981810e-01  1.0149226954514e-02
  4.4882812500000e+00  2.6609151170209e-01  2.8010468971983e-01  1.4013178017744e-02
  4.4960937500000e+00  3.4623927676775e-01  2.7991635260489e-01  6.6322924162855e-02
  4.5039062500000e+00  3.0058646205314e-01  2.7971960563059e-01  2.0866856422552e-02
  4.5117187500000e+00  2.8725088540950e-01  2.7951446671210e-01  7.7364186973976e-03
  4.5195312500000e+00  2.7218344349109e-01  2.7930095451976e-01  7.1175110286725e-03
  4.5273437500000e+00  2.7239808680776e-01  2.7907908847621e-01  6.6810016684484e-03
  4.5351562500000e+00  2.7240575176659e-01  2.7884888875348e-01  6.4431369868886e-03
  4.5429687500000e+00  2.6910855254071e-01  2.7861037626990e-01  9.5018237291870e-03
  4.5507812500000e+00  2.8057427356084e-01  2.7836357268697e-01  2.2107008738771e-03
  4.5585937500000e+00  2.7093487826889e-01  2.7810850040604e-01  7.1736221371549e-03
  4.5664062500000e+00  2.6960527282559e-01  2.7784518256496e-01  8.2399097393673e-03
  4.5742187500000e+00  2.7190113146795e-01  2.7757364303455e-01  5.6725115666025e-03
  4.5820312500000e+00  2.7050873545675e-01  2.7729390641502e-01  6.7851709582704e-03
  4.5898437500000e+00  2.7161152787894e-01  2.7700599803222e-01  5.3944701532861e-03
  4.5976562500000e+00  2.7300104325932e-01  2.7670994393388e-01  3.7089006745523e-03
  4.6054687500000e+00  2.8643964548325e-01  2.7640577088560e-01  1.0033874597647e-02
  4.6132812500000e+00  2.6226812435402e-01  2.7609350636690e-01  1.3825382012884e-02
  4.6210937500000e+00  3.4113179510289e-01  2.7577317856702e-01  6.5358616535867e-02
  4.6289062500000e+00  2.9607892046156e-01  2.7544481638073e-01  2.0634104080838e-02
  4.6367187500000e+00  2.8274630721022e-01  2.7510844940392e-01  7.6378578062998e-03
  4.6445312500000e+00  2.6782227131707e-01  2.7476410792923e-01  6.9418366121597e-03
  4.6523437500000e+00  2.6784782615554e-01  2.7441182294145e-01  6.5639967859125e-03
  4.6601562500000e+00  2.6772891996213e-01  2.7405162611291e-01  6.3227061507812e-03
  4.6679687500000e+00  2.6438057777791e-01  2.7368354979870e-01  9.3029720207925e-03
  4.6757812500000e+00  2.7544686190590e-01  2.7330762703185e-01  2.1392348740492e-03
  4.6835937500000e+00  2.6591888981347e-01  2.7292389151838e-01  7.0050017049048e-03
  4.6914062500000e+00  2.6446289975463e-01  2.7253237763227e-01  8.0694778776340e-03
  4.6992187500000e+00  2.6659005202778e-01  2.7213312041033e-01  5.5430683825504e-03
  4.7070312500000e+00  2.6506969296211e-01  2.7172615554698e-01  6.6564625848712e-03
  4.7148437500000e+00  2.6606387076402e-01  2.7131151938891e-01  5.2476486248883e-03
  4.7226562500000e+00  2.6721771332752e-01  2.7088924892969e-01  3.6715356021761e-03
  4.7304687500000e+00  2.8030186306143e-01  2.7045938180428e-01  9.8424812571487e-03
  4.7382812500000e+00  2.5648828900418e-01  2.7002195628340e-01  1.3533667279216e-02
  4.7460937500000e+00  3.3348391208365e-01  2.6957701126791e-01  6.3906900815739e-02
  4.7539062500000e+00  2.8936940624517e-01  2.6912458628301e-01  2.0244819962158e-02
  4.7617187500000e+00  2.7614691884162e-01  2.6866472147239e-01  7.4821973692317e-03
  4.7695312500000e+00  2.6147978001088e-01  2.6819745759231e-01  6.7176775814280e-03
  4.7773437500000e+00  2.6132444672236e-01  2.6772283600558e-01  6.3983892832182e-03
  4.7851562500000e+00  2.6108468927605e-01  2.6724089867544e-01  6.1562093993863e-03
  4.7929687500000e+00  2.5771427317656e-01  2.6675168815942e-01  9.0374149828589e-03
  4.8007812500000e+00  2.6830921490580e-01  2.6625524760305e-01  2.0539673027482e-03
  4.8085937500000e+00  2.5896434219235e-01  2.6575162073351e-01  6.7872785411635e-03
  4.8164062500000e+00  2.5739988525279e-01  2.6524085185326e-01  7.8409666004649e-03
  4.8242187500000e+00  2.5934842827768e-01  2.6472298583350e-01  5.3745575558209e-03
  4.8320312500000e+00  2.5771880387601e-01  2.6419806810764e-01  6.4792642316285e-03
  4.8398437500000e+00  2.5860114185151e-01  2.6366614466465e-01  5.0650028131399e-03
  4.8476562500000e+00  2.5952172929945e-01  2.6312726204234e-01  3.6055327428864e-03
  4.8554687500000e+00  2.7216091857223e-01  2.6258146732059e-01  9.5794512516378e-03
  4.8632812500000e+00  2.4888407981582e-01  2.6202880811451e-01  1.3144728298698e-02
  4.8710937500000e+00  3.2347028579882e-01  2.6146933256751e-01  6.2000953231302e-02
  4.8789062500000e+00  2.8061107104374e-01  2.6090308934432e-01  1.9707981699421e-02
  4.8867187500000e+00  2.6760310212389e-01  2.6033012762393e-01  7.2729744999581e-03
  4.8945312500000e+00  2.5330046031696e-01  2.5975049709252e-01  6.4500367755643e-03
  4.9023437500000e+00  2.5297626710815e-01  2.5916424793625e-01  6.1879808280950e-03
  4.9101562500000e+00  2.5262400966239e-01  2.5857143083403e-01  5.9474211716332e-03
  4.9179687500000e+00  2.4926096847776e-01  2.5797209695024e-01  8.7111284724862e-03
  4.9257812500000e+00  2.5932304585706e-01  2.5736629792740e-01  1.9567479296631e-03
  4.9335937500000e+00  2.5022878643735e-01  2.5675408587872e-01  6.5252994413718e-03
  4.9414062500000e+00  2.4857597816373e-01  2.5613551338067e-01  7.5595352169383e-03
  4.9492187500000e+00  2.5033989538050e-01  2.5551063346547e-01  5.1707380849723e-03
  4.9570312500000e+00  2.4862190532746e-01  2.5487949961352e-01  6.2575942860645e-03
  4.9648437500000e+00  2.4939158543935e-01  2.5424216574578e-01  4.8505803064281e-03
  4.9726562500000e+00  2.5008621904052e-01  2.5359868621610e-01  3.5124671755787e-03
  4.9804687500000e+00  2.6219985838644e-01  2.5294911580356e-01  9.2507425828787e-03
  4.9882812500000e+00  2.3962616893366e-01  2.5229350970464e-01  1.2667340770978e-02
  4.9960937500000e+00  3.1131547489556e-01  2.5163192352548e-01  5.9683551370076e-02
  5.0039062500000e+00  2.7000018443082e-01  2.5096441327403e-01  1.9035771156782e-02
  5.0117187500000e+00  2.5730590439652e-01  2.5029103535215e-01  7.0148690443698e-03
  5.0195312500000e+00  2.4346711092619e-01  2.4961184654770e-01  6.1447356215119e-03
  5.0273437500000e+00  2.4298940268727e-01  2.4892690402657e-01  5.9375013393007e-03
  5.0351562500000e+00  2.4253529054753e-01  2.4823626532471e-01  5.7009747771848e-03
  5.0429687500000e+00  2.3920869970604e-01  2.4753998834009e-01  8.3312886340509e-03
  5.0507812500000e+00  2.4868774950694e-01  2.4683813132461e-01  1.8496181823216e-03
  5.0585937500000e+00  2.3990599753628e-01  2.4613075287607e-01  6.2247553397932e-03
  5.0664062500000e+00  2.3818651664735e-01  2.4541791192998e-01  7.2313952826311e-03
  5.0742187500000e+00  2.3976361923458e-01  2.4469966775144e-01  4.9360485168586e-03
  5.0820312500000e+00  2.3797970731552e-01  2.4397607992696e-01  5.9963726114383e-03
  5.0898437500000e+00  2.3863820644676e-01  2.4324720835627e-01  4.6090019095128e-03
  5.0976562500000e+00  2.3911859438931e-01  2.4251311324405e-01  3.3945188547398e-03
  5.1054687500000e+00  2.5063750142194e-01  2.4177385509173e-01  8.8636463302152e-03
  5.1132812500000e+00  2.2891746409620e-01  2.4102949468919e-01  1.2112030592985e-02
  5.1210937500000e+00  2.9728557311450e-01  2.4028009310647e-01  5.7005480008021e-02
  5.1289062500000e+00  2.5776883061518e-01  2.3952571168551e-01  1.8243118929674e-02
  5.1367187500000e+00  2.4547994370815e-01  2.3876641203175e-01  6.7135316764037e-03
  5.1445312500000e+00  2.3219405137664e-01  2.3800225600586e-01  5.8082046292144e-03
  5.1523437500000e+00  2.3158087299597e-01  2.3723330571536e-01  5.6524327193951e-03
  5.1601562500000e+00  2.3103743253694e-01  2.3645962350629e-01  5.4221909693516e-03
  5.1679687500000e+00  2.2777526081692e-01  2.3568127195479e-01  7.9060111378717e-03
  5.1757812500000e+00  2.3663305569414e-01  2.3489831385878e-01  1.7347418353607e-03
  5.1835937500000e+00  2.2821883738703e-01  2.3411081222955e-01  5.8919748425192e-03
  5.1914062500000e+00  2.2645524942515e-01  2.3331883028335e-01  6.8635808581930e-03
  5.1992187500000e+00  2.2784698456135e-01  2.3252243143305e-01  4.6754468716952e-03
  5.2070312500000e+00  2.2602043927253e-01  2.3172167927971e-01  5.7012400071764e-03
  5.2148437500000e+00  2.2657134221496e-01  2.3091663760419e-01  4.3452953892365e-03
  5.2226562500000e+00  2.2685298388215e-01  2.3010737035879e-01  3.2543864766447e-03
  5.2304687500000e+00  2.3772045603405e-01  2.2929394165882e-01  8.4265143752285e-03
  5.2382812500000e+00  2.1698572669517e-01  2.2847641577423e-01  1.1490689079057e-02
  5.2460937500000e+00  2.8167854094179e-01  2.2765485712125e-01  5.4023683820542e-02
  5.2539062500000e+00  2.4417648100745e-01  2.2682933025399e-01  1.7347150753460e-02
  5.2617187500000e+00  2.3237527580290e-01  2.2599989985611e-01  6.3753759467958e-03
  5.2695312500000e+00  2.1971937167381e-01  2.2516663073244e-01  5.4472590586256e-03
  5.2773437500000e+00  2.1899077796554e-01  2.2432958780066e-01  5.3388098351212e-03
  5.2851562500000e+00  2.1837194727001e-01  2.2348883608296e-01  5.1168888129496e-03
  5.2929687500000e+00  2.1520037768590e-01  2.2264444069776e-01  7.4440630118570e-03
  5.3007812500000e+00  2.2341079850825e-01  2.2179646685135e-01  1.6143316568990e-03
  5.3085937500000e+00  2.1541127608745e-01  2.2094497982970e-01  5.5337037422589e-03
  5.3164062500000e+00  2.1362634456758e-01  2.2009004499014e-01  6.4637004225540e-03
  5.3242187500000e+00  2.1483749204804e-01  2.1923172775312e-01  4.3942357050762e-03
  5.3320312500000e+00  2.1299173737382e-01  2.1837009359405e-01  5.3783562202332e-03
  5.3398437500000e+00  2.1344048469885e-01  2.1750520803506e-01  4.0647233362069e-03
  5.3476562500000e+00  2.1354195044570e-01  2.1663713663685e-01  3.0951861911551e-03
  5.3554687500000e+00  2.2371440755020e-01  2.1576594499056e-01  7.9484625596446e-03
  5.3632812500000e+00  2.0407554748407e-01  2.1489169870963e-01  1.0816151225558e-02
  5.3710937500000e+00  2.6481372588876e-01  2.1401446342175e-01  5.0799262467009e-02
  5.3789062500000e+00  2.2950088096134e-01  2.1313430476079e-01  1.6366576200545e-02
  5.3867187500000e+00  2.1825864236175e-01  2.1225128835878e-01  6.0073540029620e-03
  5.3945312500000e+00  2.0629660847839e-01  2.1136547983793e-01  5.0688713595353e-03
  5.4023437500000e+00  2.0547393593441e-01  2.1047694480265e-01  5.0030088682404e-03
  5.4101562500000e+00  2.0479456559680e-01  2.0958574883168e-01  4.7911832348759e-03
  5.4179687500000e+00  2.0173739269769e-01  2.0869195747018e-01  6.9545647724832e-03
  5.4257812500000e+00  2.0928621619583e-01  2.0779563622187e-01  1.4905799739608e-03
  5.4335937500000e+00  2.0173996993319e-01  2.0689685054129e-01  5.1568806081021e-03
  5.4414062500000e+00  1.9995599040060e-01  2.0599566582596e-01  6.0396754253575e-03
  5.4492187500000e+00  2.0099426164734e-01  2.0509214740871e-01  4.0978857613739e-03
  5.4570312500000e+00  1.9915217391237e-01  2.0418636055002e-01  5.0341866376498e-03
  5.4648437500000e+00  1.9950575879518e-01  2.0327837043032e-01  3.7726116351379e-03
  5.4726562500000e+00  1.9944790535461e-01  2.0236824214248e-01  2.9203367878717e-03
  5.4804687500000e+00  2.0889509651484e-01  2.0145604068423e-01  7.4390558306039e-03
  5.4882812500000e+00  1.9044007313576e-01  2.0054183095067e-01  1.0101757814907e-02
  5.4960937500000e+00  2.4702108110196e-01  1.9962567772684e-01  4.7395403375116e-02
  5.5039062500000e+00  2.1402868756450e-01  1.9870764568033e-01  1.5321041884168e-02
  5.5117187500000e+00  2.0340451837059e-01  1.9778779935394e-01  5.6167190166532e-03
  5.5195312500000e+00  1.9218625174138e-01  1.9686620315838e-01  4.6799514170026e-03
  5.5273437500000e+00  1.9129138641409e-01  1.9594292136506e-01  4.6515349509675e-03
  5.5351562500000e+00  1.9056673367013e-01  1.9501801809888e-01  4.4512844287496e-03
  5.5429687500000e+00  1.8764486267762e-01  1.9409155733116e-01  6.4466946535330e-03
  5.5507812500000e+00  1.9452919894639e-01  1.9316360287250e-01  1.3655960738890e-03
  5.5585937500000e+00  1.8746580248676e-01  1.9223421836586e-01  4.7684158790986e-03
  5.5664062500000e+00  1.8570398262205e-01  1.9130346727953e-01  5.5994846574834e-03
  5.5742187500000e+00  1.8657955248140e-01  1.9037141290030e-01  3.7918604189009e-03
  5.5820312500000e+00  1.8476282759690e-01  1.8943811832659e-01  4.6752907296937e-03
  5.5898437500000e+00  1.8502946402635e-01  1.8850364646173e-01  3.4741824353820e-03
  5.5976562500000e+00  1.8483462137862e-01  1.8756806000721e-01  2.7334386285854e-03
  5.6054687500000e+00  1.9353941548944e-01  1.8663142145607e-01  6.9079940333722e-03
  5.6132812500000e+00  1.7633287093471e-01  1.8569379308631e-01  9.3609221515970e-03
  5.6210937500000e+00  2.2863059019740e-01  1.8475523695440e-01  4.3875353243000e-02
  5.6289062500000e+00  1.9804629966547e-01  1.8381581488882e-01  1.4230484776647e-02
  5.6367187500000e+00  1.8808637872755e-01  1.8287558848369e-01  5.2107902438567e-03
  5.6445312500000e+00  1.7764747629994e-01  1.8193461909245e-01  4.2871427925073e-03
  5.6523437500000e+00  1.7670215161212e-01  1.8099296782164e-01  4.2908162095157e-03
  5.6601562500000e+00  1.7594739002881e-01  1.8005069552472e-01  4.1033054959097e-03
  5.6679687500000e+00  1.7317845418010e-01  1.7910786279599e-01  5.9294086158894e-03
  5.6757812500000e+00  1.7940587694667e-01  1.7816452996452e-01  1.2413469821560e-03
  5.6835937500000e+00  1.7284577072022e-01  1.7722075708822e-01  4.3749863680038e-03
  5.6914062500000e+00  1.7112568490599e-01  1.7627660394799e-01  5.1509190419950e-03
  5.6992187500000e+00  1.7185067624291e-01  1.7533213004183e-01  3.4814537989117e-03
  5.7070312500000e+00  1.7007927776455e-01  1.7438739457917e-01  4.3081168146149e-03
  5.7148437500000e+00  1.7026804911593e-01  1.7344245647519e-01  3.1744073592594e-03
  5.7226562500000e+00  1.6995922278950e-01  1.7249737434523e-01  2.5381515557291e-03
  5.7304687500000e+00  1.7791701642783e-01  1.7155220649926e-01  6.3648099285741e-03
  5.7382812500000e+00  1.6200028919571e-01  1.7060701093648e-01  8.6067217407709e-03
  5.7460937500000e+00  2.0996236049242e-01  1.6966184533996e-01  4.0300515152461e-02
  5.7539062500000e+00  1.8183128021223e-01  1.6871676707132e-01  1.3114513140910e-02
  5.7617187500000e+00  1.7256856379401e-01  1.6777183316556e-01  4.7967306284519e-03
  5.7695312500000e+00  1.6293045605343e-01  1.6682710032595e-01  3.8966442725258e-03
  5.7773437500000e+00  1.6195561015801e-01  1.6588262491895e-01  3.9270147609387e-03
  5.7851562500000e+00  1.6118537779635e-01  1.6493846296927e-01  3.7530851729244e-03
  5.7929687500000e+00  1.5858348134424e-01  1.6399467015497e-01  5.4111888107388e-03
  5.8007812500000e+00  1.6417091451299e-01  1.6305130180268e-01  1.1196127103064e-03
  5.8085937500000e+00  1.5812555713496e-01  1.6210841288285e-01  3.9828557478895e-03
  5.8164062500000e+00  1.5646469572623e-01  1.6116605800511e-01  4.7013622788782e-03
  5.8242187500000e+00  1.5705264759291e-01  1.6022429141373e-01  3.1716438208141e-03
  5.8320312500000e+00  1.5534434939310e-01  1.5928316698313e-01  3.9388175900352e-03
  5.8398437500000e+00  1.5546486096581e-01  1.5834273821349e-01  2.8778772476814e-03
  5.8476562500000e+00  1.5506497886734e-01  1.5740305822642e-01  2.3380793590760e-03
  5.8554687500000e+00  1.6228277594833e-01  1.5646417976074e-01  5.8185961875939e-03
  5.8632812500000e+00  1.4767462486755e-01  1.5552615516834e-01  7.8515303007888e-03
  5.8710937500000e+00  1.9131778465507e-01  1.5458903641011e-01  3.6728748244963e-02
  5.8789062500000e+00  1.6564471621539e-01  1.5365287505196e-01  1.1991841163424e-02
  5.8867187500000e+00  1.5709906623146e-01  1.5271772226093e-01  4.3813439705323e-03
  5.8945312500000e+00  1.4826956620367e-01  1.5178362880136e-01  3.5140625976890e-03
  5.9023437500000e+00  1.4728478299704e-01  1.5085064503119e-01  3.5658620341466e-03
  5.9101562500000e+00  1.4651278508392e-01  1.4991882089829e-01  3.4060358143694e-03
  5.9179687500000e+00  1.4408837632099e-01  1.4898820593695e-01  4.8998296159551e-03
  5.9257812500000e+00  1.4906079845016e-01  1.4805884926432e-01  1.0019491858403e-03
  5.9335937500000e+00  1.4353307895232e-01  1.4713079957713e-01  3.5977206248104e-03
  5.9414062500000e+00  1.4194650206675e-01  1.4620410514831e-01  4.2576030815511e-03
  5.9492187500000e+00  1.4241184164453e-01  1.4527881382377e-01  2.8669721792378e-03
  5.9570312500000e+00  1.4078188376197e-01  1.4435497301933e-01  3.5730892573657e-03
  5.9648437500000e+00  1.4084393105455e-01  1.4343262971763e-01  2.5886986630768e-03
  5.9726562500000e+00  1.4037516779108e-01  1.4251183046515e-01  2.1366626740641e-03
  5.9804687500000e+00  1.4687038820930e-01  1.4159262136937e-01  5.2777668399334e-03
  5.9882812500000e+00  1.3356834390410e-01  1.4067504809597e-01  7.1067041918658e-03
  5.9960937500000e+00  1.7297208660361e-01  1.3975915586611e-01  3.3212930737506e-02
  6.0039062500000e+00  1.4972478974479e-01  1.3884498945380e-01  1.0879800290990e-02
  6.0117187500000e+00  1.4190349430140e-01  1.3793259318342e-01  3.9709011179804e-03
  6.0195312500000e+00  1.3387771194115e-01  1.3702201092718e-01  3.1442989860353e-03
  6.0273437500000e+00  1.3290076275703e-01  1.3611328610284e-01  3.2125233458068e-03
  6.0351562500000e+00  1.3213944347563e-01  1.3520646167136e-01  3.0670181957292e-03
  6.0429687500000e+00  1.2989931526196e-01  1.3430158013475e-01  4.4022648727899e-03
  6.0507812500000e+00  1.3428834857182e-01  1.3339868353393e-01  8.8966503789276e-04
  6.0585937500000e+00  1.2927321949402e-01  1.3249781344670e-01  3.2245939526841e-03
  6.0664062500000e+00  1.2777332616802e-01  1.3159901098584e-01  3.8256848178191e-03
  6.0742187500000e+00  1.2813086988715e-01  1.3070231679717e-01  2.5714469100184e-03
  6.0820312500000e+00  1.2659173117723e-01  1.2980777105784e-01  3.2160398806090e-03
  6.0898437500000e+00  1.2660499629371e-01  1.2891541347460e-01  2.3104171808897e-03
  6.0976562500000e+00  1.2608819614708e-01  1.2802528328222e-01  1.9370871351445e-03
  6.1054687500000e+00  1.3188728514253e-01  1.2713741924193e-01  4.7498659005951e-03
  6.1132812500000e+00  1.1986952555324e-01  1.2625185963999e-01  6.3823340867538e-03
  6.1210937500000e+00  1.5516847313898e-01  1.2536864228632e-01  2.9799830852660e-02
  6.1289062500000e+00  1.3428174525363e-01  1.2448780451322e-01  9.7939407404029e-03
  6.1367187500000e+00  1.2718038394038e-01  1.2360938317419e-01  3.5710007661819e-03
  6.1445312500000e+00  1.1994194132869e-01  1.2273341464279e-01  2.7914733140976e-03
  6.1523437500000e+00  1.1898843909746e-01  1.2185993481158e-01  2.8714957141183e-03
  6.1601562500000e+00  1.1824873044780e-01  1.2098897909122e-01  2.7402486434168e-03
  6.1679687500000e+00  1.1619613789335e-01  1.2012058240955e-01  3.9244445162023e-03
  6.1757812500000e+00  1.2003858765723e-01  1.1925477921081e-01  7.8380844641658e-04
  6.1835937500000e+00  1.1552388139005e-01  1.1839160345491e-01  2.8677220648581e-03
  6.1914062500000e+00  1.1412029155399e-01  1.1753108861678e-01  3.4107970627993e-03
  6.1992187500000e+00  1.1438479128413e-01  1.1667326768587e-01  2.2884764017369e-03
  6.2070312500000e+00  1.1294607942411e-01  1.1581817316557e-01  2.8720937414644e-03
  6.2148437500000e+00  1.1291986823522e-01  1.1496583707289e-01  2.0459688376721e-03
  6.2226562500000e+00  1.1237408171181e-01  1.1411629093809e-01  1.7422092262775e-03
  6.2304687500000e+00  1.1751098889014e-01  1.1326956580442e-01  4.2414230857200e-03
  6.2382812500000e+00  1.0673862754416e-01  1.1242569222797e-01  5.6870646838139e-03
  6.2460937500000e+00  1.3811400774190e-01  1.1158470027757e-01  2.6529307464333e-02
  6.2539062500000e+00  1.1949435486051e-01  1.1074661953471e-01  8.7477353258071e-03
  6.2617187500000e+00  1.1309794628998e-01  1.0991147909366e-01  3.1864671963251e-03
  6.2695312500000e+00  1.0662042334444e-01  1.0907930756155e-01  2.4588842171156e-03
  6.2773437500000e+00  1.0570359306980e-01  1.0825013305858e-01  2.5465399887753e-03
  6.2851562500000e+00  1.0499474446596e-01  1.0742398321826e-01  2.4292387522954e-03
  6.2929687500000e+00  1.0312962665368e-01  1.0660088518779e-01  3.4712585341068e-03
  6.3007812500000e+00  1.0646603144869e-01  1.0578086562844e-01  6.8516582024998e-04
  6.3085937500000e+00  1.0243341033749e-01  1.0496395071605e-01  2.5305403785602e-03
  6.3164062500000e+00  1.0113295726969e-01  1.0415016614156e-01  3.0172088718667e-03
  6.3242187500000e+00  1.0131870661666e-01  1.0333953711165e-01  2.0208304949884e-03
  6.3320312500000e+00  9.9987160837055e-02  1.0253208834943e-01  2.5449275123737e-03
  6.3398437500000e+00  9.9930184791569e-02  1.0172784409517e-01  1.7976593036060e-03
  6.3476562500000e+00  9.9372327598619e-02  1.0092682810718e-01  1.5545005085571e-03
  6.3554687500000e+00  1.0388692623698e-01  1.0012906366262e-01  3.7578625743573e-03
  6.3632812500000e+00  9.4306586768534e-02  9.9334573558543e-02  5.0279867900096e-03
  6.3710937500000e+00  1.2197722400311e-01  9.8543380112871e-02  2.3433843890238e-02
  6.3789062500000e+00  1.0550789371544e-01  9.7755505165487e-02  7.7523885499521e-03
  6.3867187500000e+00  9.9792255822054e-02  9.6970970079399e-02  2.8212857426555e-03
  6.3945312500000e+00  9.4040791249909e-02  9.6189795741946e-02  2.1490044920366e-03
  6.4023437500000e+00  9.3171354458665e-02  9.5412002566081e-02  2.2406481074164e-03
  6.4101562500000e+00  9.2500843632001e-02  9.4637610491711e-02  2.1367668597097e-03
  6.4179687500000e+00  9.0820130257625e-02  9.3866638987094e-02  3.0465087294683e-03
  6.4257812500000e+00  9.3693376478836e-02  9.3099107050302e-02  5.9426942853326e-04
  6.4335937500000e+00  9.0119371798658e-02  9.2335033210745e-02  2.2156614120877e-03
  6.4414062500000e+00  8.8926192928417e-02  9.1574435530746e-02  2.6482426023288e-03
  6.4492187500000e+00  8.9046702329494e-02  9.0817331607180e-02  1.7706292776858e-03
  6.4570312500000e+00  8.7826296156953e-02  9.0063738573170e-02  2.2374424162169e-03
  6.4648437500000e+00  8.7746505072794e-02  8.9313673099837e-02  1.5671680270431e-03
  6.4726562500000e+00  8.7191139535138e-02  8.8567151398109e-02  1.3760118629709e-03
  6.4804687500000e+00  9.1127650431030e-02  8.7824189220581e-02  3.3034612104496e-03
  6.4882812500000e+00  8.2674204827536e-02  8.7084801863430e-02  4.4105970358937e-03
  6.4960937500000e+00  1.0688740577676e-01  8.6349004168390e-02  2.0538401608367e-02
  6.5039062500000e+00  9.2433559273419e-02  8.5616810524766e-02  6.8167487486538e-03
  6.5117187500000e+00  8.7366811041716e-02  8.4888234871513e-02  2.4785761702028e-03
  6.5195312500000e+00  8.2299784307592e-02  8.4163290699360e-02  1.8635063917675e-03
  6.5273437500000e+00  8.1485950012782e-02  8.3441991052982e-02  1.9560410402004e-03
  6.5351562500000e+00  8.0859468399828e-02  8.2724348533226e-02  1.8648801333985e-03
  6.5429687500000e+00  7.9357453144625e-02  8.2010375299382e-02  2.6529221547569e-03
  6.5507812500000e+00  8.1811497237915e-02  8.1300083071503e-02  5.1141416641222e-04
  6.5585937500000e+00  7.8668587607555e-02  8.0593483132771e-02  1.9248955252158e-03
  6.5664062500000e+00  7.7584300419867e-02  7.9890586331911e-02  2.3062859120443e-03
  6.5742187500000e+00  7.7652045549929e-02  7.9191403085646e-02  1.5393575357162e-03
  6.5820312500000e+00  7.6544176390065e-02  7.8495943381200e-02  1.9517669911350e-03
  6.5898437500000e+00  7.6448641670234e-02  7.7804216778844e-02  1.3555751086097e-03
  6.5976562500000e+00  7.5907874508026e-02  7.7116232414482e-02  1.2083579064554e-03
  6.6054687500000e+00  7.9313352116182e-02  7.6431999002281e-02  2.8813531139013e-03
  6.6132812500000e+00  7.1912703157830e-02  7.5751524837340e-02  3.8388216795096e-03
  6.6210937500000e+00  9.2935384363775e-02  7.5074817798403e-02  1.7860566565372e-02
  6.6289062500000e+00  8.0349201300823e-02  7.4401885350606e-02  5.9473159502168e-03
  6.6367187500000e+00  7.5893335620569e-02  7.3732734548265e-02  2.1606010723037e-03
  6.6445312500000e+00  7.1464058649722e-02  7.3067372037701e-02  1.6033133879794e-03
  6.6523437500000e+00  7.0711607723646e-02  7.2405804060103e-02  1.6941963364564e-03
  6.6601562500000e+00  7.0133114187656e-02  7.1748036454423e-02  1.6149222667668e-03
  6.6679687500000e+00  6.8801871228741e-02  7.1094074660311e-02  2.2922034315695e-03
  6.6757812500000e+00  7.0880603852125e-02  7.0443923721080e-02  4.3668013104523e-04
  6.6835937500000e+00  6.8138290490169e-02  6.9797588286707e-02  1.6592977965377e-03
  6.6914062500000e+00  6.7162236329446e-02  6.9155072616863e-02  1.9928362874165e-03
  6.6992187500000e+00  6.7188481040318e-02  6.8516380583976e-02  1.3278995436579e-03
  6.7070312500000e+00  6.6192227353760e-02  6.7881515676330e-02  1.6892883225702e-03
  6.7148437500000e+00  6.6087074502319e-02  6.7250481001183e-02  1.1634064988640e-03
  6.7226562500000e+00  6.5570560436085e-02  6.6623279287923e-02  1.0527188518384e-03
  6.7304687500000e+00  6.8493489451425e-02  6.5999912891250e-02  2.4935765601755e-03
  6.7382812500000e+00  6.2065290366103e-02  6.5380383794380e-02  3.3150934282770e-03
  6.7460937500000e+00  8.0175639383092e-02  6.4764693612287e-02  1.5410945770805e-02
  6.7539062500000e+00  6.9301178667864e-02  6.4152843594955e-02  5.1483350729089e-03
  6.7617187500000e+00  6.5413637632235e-02  6.3544834630670e-02  1.8688030015647e-03
  6.7695312500000e+00  6.1571994545114e-02  6.2940667249327e-02  1.3686727042124e-03
  6.7773437500000e+00  6.0884442401727e-02  6.2340341625759e-02  1.4558992240313e-03
  6.7851562500000e+00  6.0356273274024e-02  6.1743857583096e-02  1.3875843090721e-03
  6.7929687500000e+00  5.9186098102728e-02  6.1151214596140e-02  1.9651164934120e-03
  6.8007812500000e+00  6.0932372138609e-02  6.0562411794761e-02  3.6996034384791e-04
  6.8085937500000e+00  5.8558211946555e-02  5.9977447967311e-02  1.4192360207556e-03
  6.8164062500000e+00  5.7687749584513e-02  5.9396321564064e-02  1.7085719795512e-03
  6.8242187500000e+00  5.7682438585632e-02  5.8819030700667e-02  1.1365921150352e-03
  6.8320312500000e+00  5.6794867562109e-02  5.8245573161613e-02  1.4507055995042e-03
  6.8398437500000e+00  5.6685252913774e-02  5.7675946403725e-02  9.9069348995164e-04
  6.8476562500000e+00  5.6200289111044e-02  5.7110147559664e-02  9.0985844861975e-04
  6.8554687500000e+00  5.8689327113055e-02  5.6548173441444e-02  2.1411536716105e-03
  6.8632812500000e+00  5.3149546142086e-02  5.5990020543967e-02  2.8404744018804e-03
  6.8710937500000e+00  6.8629452273607e-02  5.5435685048567e-02  1.3193767225041e-02
  6.8789062500000e+00  5.9307122591261e-02  5.4885162826572e-02  4.4219597646897e-03
  6.8867187500000e+00  5.5942317494775e-02  5.4338449442871e-02  1.6038680519045e-03
  6.8945312500000e+00  5.2636298256835e-02  5.3795540159499e-02  1.1592419026637e-03
  6.9023437500000e+00  5.2015117843928e-02  5.3256429939227e-02  1.2413120952993e-03
  6.9101562500000e+00  5.1538141913281e-02  5.2721113449165e-02  1.1829715358842e-03
  6.9179687500000e+00  5.0517994559355e-02  5.2189585064373e-02  1.6715905050183e-03
  6.9257812500000e+00  5.1972829751703e-02  5.1661838871477e-02  3.1099088022590e-04
  6.9335937500000e+00  4.9933393645340e-02  5.1137868672300e-02  1.2044750269600e-03
  6.9414062500000e+00  4.9164224261854e-02  5.0617667987488e-02  1.4534437256344e-03
  6.9492187500000e+00  4.9135940844169e-02  5.0101230060156e-02  9.6528921598694e-04
  6.9570312500000e+00  4.8352445245546e-02  4.9588547859526e-02  1.2361026139809e-03
  6.9648437500000e+00  4.8242572476806e-02  4.9079614084580e-02  8.3704160777398e-04
  6.9726562500000e+00  4.7794265664510e-02  4.8574421167705e-02  7.8015550319491e-04
  6.9804687500000e+00  4.9897158820226e-02  4.8072961278358e-02  1.8241975418682e-03
  6.9882812500000e+00  4.5160414674192e-02  4.7575226326713e-02  2.4148116525206e-03
  6.9960937500000e+00  5.8288838185711e-02  4.7081207967328e-02  1.1207630218383e-02
  7.0039062500000e+00  5.0359367410211e-02  4.6590897602801e-02  3.7684698074096e-03
  7.0117187500000e+00  4.7470093746094e-02  4.6104286387432e-02  1.3658073586617e-03
  7.0195312500000e+00  4.4647180170315e-02  4.5621365230880e-02  9.7418506056509e-04
  7.0273437500000e+00  4.4092067359559e-02  4.5142124801826e-02  1.0500574422677e-03
  7.0351562500000e+00  4.3665872764196e-02  4.4666555531629e-02  1.0006827674328e-03
  7.0429687500000e+00  4.2783807280114e-02  4.4194647617977e-02  1.4108403378630e-03
  7.0507812500000e+00  4.3985773454617e-02  4.3726391028545e-02  2.5938242607262e-04
  7.0585937500000e+00  4.2247505421984e-02  4.3261775504639e-02  1.0142700826544e-03
  7.0664062500000e+00  4.1574011101526e-02  4.2800790564841e-02  1.2267794633146e-03
  7.0742187500000e+00  4.1529989176489e-02  4.2343425508650e-02  8.1343633216069e-04
  7.0820312500000e+00  4.0844637661705e-02  4.1889669420113e-02  1.0450317584077e-03
  7.0898437500000e+00  4.0737806052944e-02  4.1439511171453e-02  7.0170511850822e-04
  7.0976562500000e+00  4.0329294632948e-02  4.0992939426692e-02  6.6364479374381e-04
  7.1054687500000e+00  4.2091979666520e-02  4.0549942645264e-02  1.5420370212570e-03
  7.1132812500000e+00  3.8073594268384e-02  4.0110509085617e-02  2.0369148172330e-03
  7.1210937500000e+00  4.9120980077998e-02  3.9674626808819e-02  9.4463532691787e-03
  7.1289062500000e+00  4.2428810947891e-02  3.9242283682136e-02  3.1865272657553e-03
  7.1367187500000e+00  3.9967519488472e-02  3.8813467382618e-02  1.1540521058541e-03
  7.1445312500000e+00  3.7575894260732e-02  3.8388165400667e-02  8.1227113993530e-04
  7.1523437500000e+00  3.7085056195218e-02  3.7966365043593e-02  8.8130884837546e-04
  7.1601562500000e+00  3.6708156106698e-02  3.7548053439162e-02  8.3989733246399e-04
  7.1679687500000e+00  3.5951723601208e-02  3.7133217539132e-02  1.1814939379244e-03
  7.1757812500000e+00  3.6936493907972e-02  3.6721844122777e-02  2.1464978519545e-04
  7.1835937500000e+00  3.5466453662811e-02  3.6313919800393e-02  8.4746613758182e-04
  7.1914062500000e+00  3.4882038155336e-02  3.5909431016802e-02  1.0273928614659e-03
  7.1992187500000e+00  3.4828213532988e-02  3.5508364054831e-02  6.8015052184370e-04
  7.2070312500000e+00  3.4234098237269e-02  3.5110705038783e-02  8.7660680151361e-04
  7.2148437500000e+00  3.4132783621160e-02  3.4716439937891e-02  5.8365631673104e-04
  7.2226562500000e+00  3.3765481314553e-02  3.4325554569758e-02  5.6007325520474e-04
  7.2304687500000e+00  3.5231391272720e-02  3.3938034603782e-02  1.2933566689378e-03
  7.2382812500000e+00  3.1849127263495e-02  3.3553865564564e-02  1.7047383010696e-03
  7.2460937500000e+00  4.1072876162740e-02  3.3173032835299e-02  7.8998433274415e-03
  7.2539062500000e+00  3.5468969666320e-02  3.2795521661148e-02  2.6734480051716e-03
  7.2617187500000e+00  3.3388850332234e-02  3.2421317152604e-02  9.6753317963011e-04
  7.2695312500000e+00  3.1378464155385e-02  3.2050404288820e-02  6.7194013343509e-04
  7.2773437500000e+00  3.0948877006995e-02  3.1682767920942e-02  7.3389091394723e-04
  7.2851562500000e+00  3.0618908122320e-02  3.1318392775403e-02  6.9948465308383e-04
  7.2929687500000e+00  2.9975595904643e-02  3.0957263457214e-02  9.8166755257148e-04
  7.3007812500000e+00  3.0775534791763e-02  3.0599364453223e-02  1.7617033853950e-04
  7.3085937500000e+00  2.9542104890900e-02  3.0244680135365e-02  7.0257524446528e-04
  7.3164062500000e+00  2.9039597289744e-02  2.9893194763885e-02  8.5359747414084e-04
  7.3242187500000e+00  2.8980387506375e-02  2.9544892490542e-02  5.6450498416755e-04
  7.3320312500000e+00  2.8470349717125e-02  2.9199757361795e-02  7.2940764467012e-04
  7.3398437500000e+00  2.8376121085247e-02  2.8857773321965e-02  4.8165223671755e-04
  7.3476562500000e+00  2.8049678443691e-02  2.8518924216375e-02  4.6924577268344e-04
  7.3554687500000e+00  2.9260055990001e-02  2.8183193794473e-02  1.0768621955278e-03
  7.3632812500000e+00  2.6434251562798e-02  2.7850565712927e-02  1.4163141501292e-03
  7.3710937500000e+00  3.4076193587982e-02  2.7521023538702e-02  6.5551700492797e-03
  7.3789062500000e+00  2.9419302895502e-02  2.7194550752113e-02  2.2247521433887e-03
  7.3867187500000e+00  2.7676582440415e-02  2.6871130749853e-02  8.0545169056150e-04
  7.3945312500000e+00  2.5999731059500e-02  2.6550746848001e-02  5.5101578850072e-04
  7.4023437500000e+00  2.5625827378115e-02  2.6233382285004e-02  6.0755490688947e-04
  7.4101562500000e+00  2.5342777875060e-02  2.5919020224640e-02  5.7624234958001e-04
  7.4179687500000e+00  2.4796757597823e-02  2.5607643758948e-02  8.1088616112514e-04
  7.4257812500000e+00  2.5442876349158e-02  2.5299235911144e-02  1.4364043801468e-04
  7.4335937500000e+00  2.4417651546231e-02  2.4993779638503e-02  5.7612809227165e-04
  7.4414062500000e+00  2.3983700434366e-02  2.4691257835226e-02  7.0755740085983e-04
  7.4492187500000e+00  2.3931795160497e-02  2.4391653335273e-02  4.5985817477531e-04
  7.4570312500000e+00  2.3488946883200e-02  2.4094948915176e-02  6.0600203197584e-04
  7.4648437500000e+00  2.3407040510229e-02  2.3801127296828e-02  3.9408678659906e-04
  7.4726562500000e+00  2.3124501140215e-02  2.3510171150239e-02  3.8567001002405e-04
  7.4804687500000e+00  2.4103933252263e-02  2.3222063096275e-02  8.8187015598759e-04
  7.4882812500000e+00  2.1780649228252e-02  2.2936785709366e-02  1.1561364811143e-03
  7.4960937500000e+00  2.8040999250968e-02  2.2654321520189e-02  5.3866777307790e-03
  7.5039062500000e+00  2.4222693900234e-02  2.2374653018325e-02  1.8480408819087e-03
  7.5117187500000e+00  2.2751610357102e-02  2.2097762654890e-02  6.5384770221195e-04
  7.5195312500000e+00  2.1376062101770e-02  2.1823632845135e-02  4.4757074336486e-04
  7.5273437500000e+00  2.1053069719971e-02  2.1552245971030e-02  4.9917625105883e-04
  7.5351562500000e+00  2.0802810484004e-02  2.1283584383807e-02  4.8077389980278e-04
  7.5429687500000e+00  2.0367236177721e-02  2.1017630406488e-02  6.5039422876668e-04
  7.5507812500000e+00  2.0858460613878e-02  2.0754366336379e-02  1.0409427749854e-04
  7.5585937500000e+00  2.0036623123523e-02  2.0493774447539e-02  4.5715132401605e-04
  7.5664062500000e+00  1.9649309650053e-02  2.0235836993220e-02  5.8652734316703e-04
  7.5742187500000e+00  1.9607581264530e-02  1.9980536208285e-02  3.7295494375419e-04
  7.5820312500000e+00  1.9232412105878e-02  1.9727854311588e-02  4.9544220570948e-04
  7.5898437500000e+00  1.9151758034274e-02  1.9477773508339e-02  3.2601547406445e-04
  7.5976562500000e+00  1.8920610747931e-02  1.9230275992431e-02  3.0966524450059e-04
  7.6054687500000e+00  1.9699224722982e-02  1.8985343948746e-02  7.1388077423606e-04
  7.6132812500000e+00  1.7808674739105e-02  1.8742959555427e-02  9.3428481632267e-04
  7.6210937500000e+00  2.2893379200682e-02  1.8503104986128e-02  4.3902742145543e-03
  7.6289062500000e+00  1.9791452768863e-02  1.8265762412232e-02  1.5256903566311e-03
  7.6367187500000e+00  1.8558617989416e-02  1.8030914005044e-02  5.2770398437138e-04
  7.6445312500000e+00  1.7443369184246e-02  1.7798541937953e-02  3.5517275370660e-04
  7.6523437500000e+00  1.7153993969903e-02  1.7568628388566e-02  4.1463441866255e-04
  7.6601562500000e+00  1.6944413272381e-02  1.7341155540819e-02  3.9674226843794e-04
  7.6679687500000e+00  1.6588067933396e-02  1.7116105587052e-02  5.2803765365630e-04
  7.6757812500000e+00  1.6963162253076e-02  1.6893460730063e-02  6.9701523012684e-05
  7.6835937500000e+00  1.6315689140396e-02  1.6673203185127e-02  3.5751404473068e-04
  7.6914062500000e+00  1.5972673935117e-02  1.6455315181994e-02  4.8264124687713e-04
  7.6992187500000e+00  1.5949713716285e-02  1.6239778966853e-02  2.9006525056858e-04
  7.7070312500000e+00  1.5626606358545e-02  1.6026576804272e-02  3.9997044572685e-04
  7.7148437500000e+00  1.5554688835856e-02  1.5815690979106e-02  2.6100214324982e-04
  7.7226562500000e+00  1.5351755556736e-02  1.5607103798379e-02  2.5534824164288e-04
  7.7304687500000e+00  1.5980163235656e-02  1.5400797593141e-02  5.7936564251508e-04
  7.7382812500000e+00  1.4429307285700e-02  1.5196754720289e-02  7.6744743458900e-04
  7.7460937500000e+00  1.8558544591390e-02  1.4994957564368e-02  3.5635870270218e-03
  7.7539062500000e+00  1.6030642265866e-02  1.4795388539341e-02  1.2352537265253e-03
  7.7617187500000e+00  1.5031419192387e-02  1.4598030090326e-02  4.3338910206058e-04
  7.7695312500000e+00  1.4118715025290e-02  1.4402864695317e-02  2.8414967002725e-04
  7.7773437500000e+00  1.3867103679027e-02  1.4209874866865e-02  3.4277118783838e-04
  7.7851562500000e+00  1.3709180995127e-02  1.4019043153737e-02  3.0986215861054e-04
  7.7929687500000e+00  1.3385044790461e-02  1.3830352142549e-02  4.4530735208732e-04
  7.8007812500000e+00  1.3716028893902e-02  1.3643784459365e-02  7.2244434536694e-05
  7.8085937500000e+00  1.3165962688958e-02  1.3459322771279e-02  2.9336008232130e-04
  7.8164062500000e+00  1.2889638576836e-02  1.3276949787955e-02  3.8731121111944e-04
  7.8242187500000e+00  1.2885157566251e-02  1.3096648263155e-02  2.1149069690380e-04
  7.8320312500000e+00  1.2564946605894e-02  1.2918400996227e-02  3.5345439033264e-04
  7.8398437500000e+00  1.2577798376898e-02  1.2742190833573e-02  1.6439245667469e-04
  7.8476562500000e+00  1.2306674658072e-02  1.2568000670091e-02  2.6132601201893e-04
  7.8554687500000e+00  1.2915528941937e-02  1.2395813450584e-02  5.1971549135278e-04
  7.8632812500000e+00  1.1567871311754e-02  1.2225612171145e-02  6.5774085939113e-04
  7.8710937500000e+00  1.4931519006643e-02  1.2057379880518e-02  2.8741391261251e-03
  7.8789062500000e+00  1.2915641140989e-02  1.1891099681430e-02  1.0245414595589e-03
  7.8867187500000e+00  1.2007211720129e-02  1.1726754731893e-02  2.8045698823585e-04
  7.8945312500000e+00  1.1388337166918e-02  1.1564328246489e-02  1.7599107957066e-04
  7.9023437500000e+00  1.1113040884237e-02  1.1403803497617e-02  2.9076261337978e-04
  7.9101562500000e+00  1.0958809899049e-02  1.1245163816724e-02  2.8635391767487e-04
  7.9179687500000e+00  1.0816314134584e-02  1.1088392595504e-02  2.7207846091986e-04
  7.9257812500000e+00  1.0947771345026e-02  1.0933473287074e-02  1.4298057952741e-05
  7.9335937500000e+00  1.0515637438972e-02  1.0780389407123e-02  2.6475196815063e-04
  7.9414062500000e+00  1.0405871170848e-02  1.0629124535036e-02  2.2325336418805e-04
  7.9492187500000e+00  1.0210926859353e-02  1.0479662314992e-02  2.6873545563936e-04
  7.9570312500000e+00  1.0071445788848e-02  1.0331986457039e-02  2.6054066819151e-04
  7.9648437500000e+00  1.0058962562145e-02  1.0186080738140e-02  1.2711817599554e-04
  7.9726562500000e+00  9.8635544866128e-03  1.0041929003198e-02  1.7837451658504e-04
  7.9804687500000e+00  1.0219095539501e-02  9.8995151660533e-03  3.1958037344742e-04
  7.9882812500000e+00  9.5601842339501e-03  9.7588232104594e-03  1.9863897650935e-04
  7.9960937500000e+00  1.1570732936691e-02  9.6198371910313e-03  1.9508957456600e-03
