#              Coord.            Numerical           Analytical                Error
  3.1250000000000e-02  5.6656012892340e-03  2.8402717277757e-03  2.8253295614584e-03
  9.3750000000000e-02  6.4044169369573e-03  3.2444523815138e-03  3.1599645554434e-03
  1.5625000000000e-01  7.2254510367111e-03  3.6989178560442e-03  3.5265331806669e-03
  2.1875000000000e-01  8.1358342298269e-03  4.2088140434338e-03  3.9270201863931e-03
  2.8125000000000e-01  9.1430478327957e-03  4.7796550853883e-03  4.3633927474074e-03
  3.4375000000000e-01  1.0254905414586e-02  5.4173281859582e-03  4.8375772286274e-03
  4.0625000000000e-01  1.1479529721153e-02  6.1280952019645e-03  5.3514345191890e-03
  4.6875000000000e-01  1.2825322714555e-02  6.9185905547291e-03  5.9067321598262e-03
  5.3125000000000e-01  1.4300929853513e-02  7.7958149988444e-03  6.5051148546688e-03
  5.9375000000000e-01  1.5915197046757e-02  8.7671247825223e-03  7.1480722642350e-03
  6.5625000000000e-01  1.7677120826911e-02  9.8402157404383e-03  7.8369050864724e-03
  7.1875000000000e-01  1.9595791661281e-02  1.1023101874776e-02  8.5726897865052e-03
  7.8125000000000e-01  2.1680328568719e-02  1.2324088004207e-02  9.3562405645123e-03
  8.4375000000000e-01  2.3939808973529e-02  1.3751736094489e-02  1.0188072879040e-02
  9.0625000000000e-01  2.6383187648004e-02  1.5314824928874e-02  1.1068362719130e-02
  9.6875000000000e-01  2.9019212244797e-02  1.7022302831961e-02  1.1996909412837e-02
  1.0312500000000e+00  3.1856330438930e-02  1.8883233227384e-02  1.2973097211546e-02
  1.0937500000000e+00  3.4902588534104e-02  2.0906732887778e-02  1.3995855646326e-02
  1.1562500000000e+00  3.8165530387323e-02  2.3101902824700e-02  1.5063627562623e-02
  1.2187500000000e+00  4.1652083512463e-02  2.5477751866289e-02  1.6174331646175e-02
  1.2812500000000e+00  4.5368448867078e-02  2.8043113080556e-02  1.7325335786522e-02
  1.3437500000000e+00  4.9319980720784e-02  3.0806553321676e-02  1.8513427399107e-02
  1.4062500000000e+00  5.3511070054679e-02  3.3776276303937e-02  1.9734793750742e-02
  1.4687500000000e+00  5.7945023112573e-02  3.6960019741885e-02  2.0985003370688e-02
  1.5312500000000e+00  6.2623943911836e-02  4.0364947233647e-02  2.2258996678189e-02
  1.5937500000000e+00  6.7548616434741e-02  4.3997535705445e-02  2.3551080729297e-02
  1.6562500000000e+00  7.2718392319068e-02  4.7863459376605e-02  2.4854932942463e-02
  1.7187500000000e+00  7.8131084226085e-02  5.1967471343276e-02  2.6163612882810e-02
  1.7812500000000e+00  8.3782863103402e-02  5.6313284012869e-02  2.7469579090533e-02
  1.8437500000000e+00  8.9668172474379e-02  6.0903449747072e-02  2.8764722727307e-02
  1.9062500000000e+00  9.5779640501238e-02  6.5739243185992e-02  3.0040397315246e-02
  1.9687500000000e+00  1.0210802062678e-01  7.0820546826705e-02  3.1287473800075e-02
  2.0312500000000e+00  1.0864213293332e-01  7.6145741513012e-02  3.2496391420304e-02
  2.0937500000000e+00  1.1536882629659e-01  8.1711603556726e-02  3.3657222739868e-02
  2.1562500000000e+00  1.2227296360767e-01  8.7513210251473e-02  3.4759753356195e-02
  2.2187500000000e+00  1.2933741198981e-01  9.3543855555367e-02  3.5793556434443e-02
  2.2812500000000e+00  1.3654307127467e-01  9.9794977706664e-02  3.6748093568004e-02
  2.3437500000000e+00  1.4386890360690e-01  1.0625610049494e-01  3.7612803111955e-02
  2.4062500000000e+00  1.5129200247681e-01  1.1291478983802e-01  3.8377212638787e-02
  2.4687500000000e+00  1.5878766993125e-01  1.1975662721097e-01  3.9031042720279e-02
  2.5312500000000e+00  1.6632952614347e-01  1.2676520133785e-01  3.9564324805623e-02
  2.5937500000000e+00  1.7388963378419e-01  1.3392211938961e-01  3.9967514394576e-02
  2.6562500000000e+00  1.8143864917623e-01  1.4120703873413e-01  4.0231610442094e-02
  2.7187500000000e+00  1.8894599263097e-01  1.4859772005780e-01  4.0348272573165e-02
  2.7812500000000e+00  1.9638003447185e-01  1.5607010242557e-01  4.0309932046279e-02
  2.8437500000000e+00  2.0370831331725e-01  1.6359840057022e-01  4.0109912747033e-02
  2.9062500000000e+00  2.1089774487827e-01  1.7115522440600e-01  3.9742520472274e-02
  2.9687500000000e+00  2.1791488312940e-01  1.7871172045058e-01  3.9203162678812e-02
  3.0312500000000e+00  2.2472615219228e-01  1.8623773451788e-01  3.8488417674402e-02
  3.0937500000000e+00  2.3129812290290e-01  1.9370199471704e-01  3.7596128185865e-02
  3.1562500000000e+00  2.3759777627043e-01  2.0107231346649e-01  3.6525462803937e-02
  3.2187500000000e+00  2.4359277305367e-01  2.0831580691131e-01  3.5276966142357e-02
  3.2812500000000e+00  2.4925174080253e-01  2.1539912982374e-01  3.3852610978791e-02
  3.3437500000000e+00  2.5454452863326e-01  2.2228872377670e-01  3.2255804856563e-02
  3.4062500000000e+00  2.5944248982880e-01  2.2895107611389e-01  3.0491413714907e-02
  3.4687500000000e+00  2.6391872719044e-01  2.3535298700363e-01  2.8565740186807e-02
  3.5312500000000e+00  2.6794834701599e-01  2.4146184166222e-01  2.6486505353770e-02
  3.5937500000000e+00  2.7150868386501e-01  2.4724588467085e-01  2.4262799194158e-02
  3.6562500000000e+00  2.7457951628921e-01  2.5267449319205e-01  2.1905023097163e-02
  3.7187500000000e+00  2.7714325695316e-01  2.5771844582079e-01  1.9424811132364e-02
  3.7812500000000e+00  2.7918511726740e-01  2.6235018378462e-01  1.6834933482777e-02
  3.8437500000000e+00  2.8069325956541e-01  2.6654406123688e-01  1.4149198328529e-02
  3.9062500000000e+00  2.8165889173226e-01  2.7027658146965e-01  1.1382310262607e-02
  3.9687500000000e+00  2.8207638192590e-01  2.7352661600660e-01  8.5497659192947e-03
  4.0312500000000e+00  2.8194327806838e-01  2.7627560371979e-01  5.6676743485891e-03
  4.0937500000000e+00  2.8126036700213e-01  2.7850772734630e-01  2.7526396558356e-03
  4.1562500000000e+00  2.8003163837490e-01  2.8021006505663e-01  1.7842668172718e-04
  4.2187500000000e+00  2.7826425973826e-01  2.8137271504309e-01  3.1084553048314e-03
  4.2812500000000e+00  2.7596851067518e-01  2.8198889144751e-01  6.0203807723327e-03
  4.3437500000000e+00  2.7315766748946e-01  2.8205499032813e-01  8.8973228386677e-03
  4.4062500000000e+00  2.6984789382473e-01  2.8157062476848e-01  1.1722730943749e-02
  4.4687500000000e+00  2.6605807036318e-01  2.8053862864971e-01  1.4480558286530e-02
  4.5312500000000e+00  2.6180962636134e-01  2.7896502903480e-01  1.7155402673454e-02
  4.5937500000000e+00  2.5712633110559e-01  2.7685898754142e-01  1.9732656435831e-02
  4.6562500000000e+00  2.5203407655352e-01  2.7423271150103e-01  2.2198634947516e-02
  4.7187500000000e+00  2.4656063751230e-01  2.7110133610973e-01  2.4540698597428e-02
  4.7812500000000e+00  2.4073541870315e-01  2.6748277916244e-01  2.6747360459290e-02
  4.8437500000000e+00  2.3458919845239e-01  2.6339757032104e-01  2.8808371868649e-02
  4.9062500000000e+00  2.2815384559103e-01  2.5886865719190e-01  3.0714811600865e-02
  4.9687500000000e+00  2.2146206891466e-01  2.5392119077487e-01  3.2459121860209e-02
  5.0312500000000e+00  2.1454711090586e-01  2.4858229308800e-01  3.4035182182138e-02
  5.0937500000000e+00  2.0744251392018e-01  2.4288080996837e-01  3.5438296048187e-02
  5.1562500000000e+00  2.0018181729626e-01  2.3684705219493e-01  3.6665234898674e-02
  5.2187500000000e+00  1.9279832463913e-01  2.3051252817424e-01  3.7714203535116e-02
  5.2812500000000e+00  1.8532484953477e-01  2.2390967147231e-01  3.8584821937537e-02
  5.3437500000000e+00  1.7779347627079e-01  2.1707156646703e-01  3.9278090196242e-02
  5.4062500000000e+00  1.7023535421687e-01  2.1003167533667e-01  3.9796321119808e-02
  5.4687500000000e+00  1.6268048651343e-01  2.0282356949275e-01  4.0143082979318e-02
  5.5312500000000e+00  1.5515755823062e-01  1.9548066841418e-01  4.0323110183569e-02
  5.5937500000000e+00  1.4769377064677e-01  1.8803598864740e-01  4.0342218000634e-02
  5.6562500000000e+00  1.4031470551255e-01  1.8052190550815e-01  4.0207199995609e-02
  5.7187500000000e+00  1.3304420690533e-01  1.7296992976186e-01  3.9925722856527e-02
  5.7812500000000e+00  1.2590428653934e-01  1.6541050127389e-01  3.9506214734543e-02
  5.8437500000000e+00  1.1891505348696e-01  1.5787280131694e-01  3.8957747829975e-02
  5.9062500000000e+00  1.1209465831504e-01  1.5038458490445e-01  3.8289926589418e-02
  5.9687500000000e+00  1.0545927408351e-01  1.4297203419320e-01  3.7512760109688e-02
  6.0312500000000e+00  9.9023071562233e-02  1.3565963367083e-01  3.6636562108600e-02
  6.0937500000000e+00  9.2798251088802e-02  1.2847006752086e-01  3.5671816432060e-02
  6.1562500000000e+00  8.6795048539128e-02  1.2142413924323e-01  3.4629090704101e-02
  6.2187500000000e+00  8.1021798470595e-02  1.1454071330914e-01  3.3518914838541e-02
  6.2812500000000e+00  7.5484986068011e-02  1.0783667834749e-01  3.2351692279481e-02
  6.3437500000000e+00  7.0189321478840e-02  1.0132693110180e-01  3.1137609622965e-02
  6.4062500000000e+00  6.5137829270564e-02  9.5024380163406e-02  2.9886550892842e-02
  6.4687500000000e+00  6.0331939211648e-02  8.8939968282265e-02  2.8608029070617e-02
  6.5312500000000e+00  5.5771594180568e-02  8.3082711881999e-02  2.7311117701430e-02
  6.5937500000000e+00  5.1455357538179e-02  7.7459756262425e-02  2.6004398724246e-02
  6.6562500000000e+00  4.7380529613899e-02  7.2076444861471e-02  2.4695915247572e-02
  6.7187500000000e+00  4.3543264989701e-02  6.6936400868404e-02  2.3393135878703e-02
  6.7812500000000e+00  3.9938692037523e-02  6.2041619431515e-02  2.2102927393992e-02
  6.8437500000000e+00  3.6561032882111e-02  5.7392568684242e-02  2.0831535802131e-02
  6.9062500000000e+00  3.3403720306703e-02  5.2988297822676e-02  1.9584577515973e-02
  6.9687500000000e+00  3.0459516046239e-02  4.8826550502173e-02  1.8367034455933e-02
  7.0312500000000e+00  2.7720618321238e-02  4.4903881879081e-02  1.7183263557843e-02
  7.0937500000000e+00  2.5178775915267e-02  4.1215777702618e-02  1.6037001787351e-02
  7.1562500000000e+00  2.2825382802466e-02  3.7756773958729e-02  1.4931391156263e-02
  7.2187500000000e+00  2.0651580736616e-02  3.4520575679458e-02  1.3868994942843e-02
  7.2812500000000e+00  1.8648345159962e-02  3.1500173654760e-02  1.2851828494798e-02
  7.3437500000000e+00  1.6806569026085e-02  2.8687957915839e-02  1.1881388889753e-02
  7.4062500000000e+00  1.5117138817090e-02  2.6075826997094e-02  1.0958688180004e-02
  7.4687500000000e+00  1.3571001663197e-02  2.3655292124639e-02  1.0084290461443e-02
  7.5312500000000e+00  1.2159227316422e-02  2.1417575620737e-02  9.2583483043153e-03
  7.5937500000000e+00  1.0873060860815e-02  1.9353702952728e-02  8.4806420919127e-03
  7.6562500000000e+00  9.7039696466854e-03  1.7454587990187e-02  7.7506183435020e-03
  7.7187500000000e+00  8.6436825561051e-03  1.5711111163081e-02  7.0674286069762e-03
  7.7812500000000e+00  7.6842229360561e-03  1.4114190335128e-02  6.4299673990720e-03
  7.8437500000000e+00  6.8179352766050e-03  1.2654844319071e-02  5.8369090424664e-03
  7.9062500000000e+00  6.0375057396163e-03  1.1324249063118e-02  5.2867433235016e-03
  7.9687500000000e+00  5.3359778292808e-03  1.0113786629687e-02  4.7778088004058e-03
